Component_ID,RA,DEC,ASKAP_flux,ASKAP_flux_SNR,RA_comp,DEC_comp,Comp_flux,Flux_Ratio_AlphaCorr,Flux_Ratio_NOAlphaCorr
SB71898_component_7a,20.310393,-18.45626,354.7650146484375,1359.2529296875,20.310565948486328,-18.456193923950195,515.3148803710938,0.8745825290679932,0.6884431838989258
SB71898_component_8a,21.877402,-19.93592,348.3039855957031,1344.802978515625,21.877595901489258,-19.93586540222168,501.1107177734375,0.8829934000968933,0.6950639486312866
SB71898_component_10a,16.362688,-18.479514,248.2480010986328,304.2254943847656,16.362802505493164,-18.47942543029785,376.9101867675781,0.836720883846283,0.658639669418335
SB71898_component_12a,19.699225,-16.437179,263.18701171875,889.1453247070312,19.699352264404297,-16.437088012695312,397.83538818359375,0.8404149413108826,0.6615475416183472
SB71898_component_13a,22.697335,-17.418442,232.82400512695312,387.39434814453125,22.69736099243164,-17.41844940185547,329.1347351074219,0.8986421227455139,0.707382082939148
SB71898_component_14a,21.735941,-16.500375,239.68299865722656,809.7398681640625,21.735971450805664,-16.50031852722168,388.33636474609375,0.7840827107429504,0.6172046065330505
SB71898_component_15a,18.922742,-21.155659,225.10800170898438,584.6961059570312,18.92288589477539,-21.15564727783203,325.4556579589844,0.8786821365356445,0.6916702389717102
SB71898_component_17a,20.0834,-17.46791,185.50599670410156,769.7344360351562,20.08354377746582,-17.467859268188477,256.9327087402344,0.9172152876853943,0.7220022678375244
SB71898_component_18a,19.472184,-17.649168,194.1540069580078,798.9876708984375,19.472333908081055,-17.649076461791992,241.15650939941406,1.0227749347686768,0.8050954341888428
SB71898_component_19a,22.005724,-17.373441,187.45899963378906,808.012939453125,22.005802154541016,-17.373390197753906,190.638427734375,1.2491902112960815,0.9833222031593323
SB71898_component_20a,22.847194,-20.335762,181.80099487304688,313.45001220703125,22.847339630126953,-20.335683822631836,258.87432861328125,0.892154335975647,0.7022750973701477
SB71898_component_21a,19.010865,-16.51318,171.6649932861328,604.4541625976562,19.010976791381836,-16.513099670410156,234.5335693359375,0.9298425912857056,0.7319421172142029
SB71898_component_22a,21.194001,-17.463182,171.1529998779297,760.6799926757812,21.19413185119629,-17.463111877441406,228.85914611816406,0.9500554800033569,0.7478529810905457
SB71898_component_23a,19.813466,-16.388656,175.21499633789062,604.1896362304688,19.813579559326172,-16.388574600219727,294.42803955078125,0.7560052871704102,0.5951029658317566
SB71898_component_25a,18.943325,-16.492637,146.91900634765625,580.7075805664062,18.94343376159668,-16.492544174194336,201.22816467285156,0.9275171160697937,0.7301115393638611
SB71898_component_28a,17.208823,-16.376999,140.531005859375,375.7513427734375,17.20890235900879,-16.37693214416504,169.71701049804688,1.0519123077392578,0.8280313611030579
SB71898_component_30a,16.393479,-18.632543,128.80599975585938,258.12823486328125,16.393579483032227,-18.632469177246094,181.24853515625,0.9028056859970093,0.7106595635414124
SB71898_component_32a,21.787366,-17.757629,107.62100219726562,522.4320678710938,21.787466049194336,-17.757568359375,153.98660278320312,0.8878647089004517,0.6988984942436218
SB71898_component_37a,18.005561,-20.134618,109.11399841308594,568.3020629882812,18.00570297241211,-20.134567260742188,156.7985076904297,0.8840386867523193,0.6958867311477661
SB71898_component_41a,19.938129,-19.974689,100.2699966430664,451.6666564941406,19.93829917907715,-19.974632263183594,142.3749237060547,0.8946851491928101,0.7042672634124756
SB71898_component_42a,16.35089,-20.529631,99.0770034790039,239.31643676757812,16.3510684967041,-20.529516220092773,91.98783111572266,1.3682807683944702,1.077066421508789
SB71898_component_43a,18.934617,-19.028399,95.77899932861328,573.5269775390625,18.934768676757812,-19.02825927734375,137.744384765625,0.8833425045013428,0.6953386664390564
SB71898_component_44a,20.10082,-17.510337,94.7249984741211,430.56817626953125,20.100948333740234,-17.510286331176758,134.6307830810547,0.8938259482383728,0.7035909295082092
SB71898_component_45a,22.18077,-21.446645,92.41200256347656,108.9764175415039,22.180946350097656,-21.446542739868164,122.40849304199219,0.9590682983398438,0.7549476623535156
SB71898_component_53a,20.85018,-19.221441,76.7699966430664,417.2282409667969,20.850366592407227,-19.221349716186523,71.82335662841797,1.3578710556030273,1.068872332572937
SB71898_component_54a,22.069581,-16.731411,84.4739990234375,391.08331298828125,22.06956672668457,-16.73142433166504,108.24706268310547,0.9913788437843323,0.780381441116333
SB71898_component_55a,19.486779,-18.014365,79.6240005493164,447.3258361816406,19.48695945739746,-18.014265060424805,99.69103240966797,1.014660120010376,0.7987077832221985
SB71898_component_61a,22.748477,-19.238518,71.89600372314453,142.6508026123047,22.7486515045166,-19.238483428955078,105.4940185546875,0.8657841682434082,0.6815173625946045
SB71898_component_63a,17.19855,-15.845271,74.18499755859375,82.42778015136719,17.198633193969727,-15.845173835754395,102.414794921875,0.920208215713501,0.7243582010269165
SB71898_component_66a,18.258234,-17.71836,72.33899688720703,384.78192138671875,18.258338928222656,-17.718185424804688,104.39054870605469,0.8803269863128662,0.692965030670166
SB71898_component_68a,17.138768,-20.368132,61.10599899291992,290.98095703125,17.138954162597656,-20.368043899536133,99.10313415527344,0.7833018898963928,0.6165899634361267
SB71898_component_69a,19.264314,-20.576412,62.36199951171875,253.50405883789062,19.26445960998535,-20.576431274414062,91.88550567626953,0.8621954321861267,0.6786924600601196
SB71898_component_73a,22.626023,-19.408384,57.40800094604492,171.8802490234375,22.626171112060547,-19.408344268798828,90.57890319824219,0.805152416229248,0.6337899565696716
SB71898_component_76a,23.228626,-16.704154,55.5369987487793,58.95647430419922,23.228622436523438,-16.70420265197754,74.08949279785156,0.9522665143013,0.7495934367179871
SB71898_component_78a,17.880862,-20.490364,56.882999420166016,291.70770263671875,17.881052017211914,-20.490306854248047,75.88131713867188,0.9523143768310547,0.7496311664581299
SB71898_component_79a,16.918571,-16.101746,55.04600143432617,68.21066284179688,16.91861343383789,-16.101673126220703,101.2991943359375,0.6903232336044312,0.5434001684188843
SB71898_component_82a,18.506199,-21.490325,53.119998931884766,74.92242431640625,18.50632095336914,-21.490299224853516,87.57148742675781,0.770598292350769,0.6065900921821594
SB71898_component_83a,21.317561,-20.87561,52.500999450683594,215.16802978515625,21.31776237487793,-20.87548828125,66.80325317382812,0.9983956217765808,0.7859048247337341
SB71898_component_86a,17.235324,-19.301782,51.43600082397461,265.1340026855469,17.235429763793945,-19.30167579650879,69.8415298461914,0.9355912804603577,0.7364672422409058
SB71898_component_87a,21.931409,-18.502147,51.303001403808594,252.72415161132812,21.931562423706055,-18.50210189819336,64.21907806396484,1.0148723125457764,0.7988747954368591
SB71898_component_90a,19.610967,-20.63133,49.972999572753906,246.17242431640625,19.611127853393555,-20.631328582763672,67.85916137695312,0.9355341792106628,0.7364223003387451
SB71898_component_91a,22.104647,-20.442882,52.1349983215332,230.6858367919922,22.104829788208008,-20.442790985107422,89.46248626708984,0.7403227686882019,0.5827581882476807
SB71898_component_99a,19.15299,-20.16907,47.67499923706055,248.30728149414062,19.153146743774414,-20.169042587280273,75.39971160888672,0.803255558013916,0.6322968602180481
SB71898_component_102a,18.069184,-16.588582,44.584999084472656,210.3065948486328,18.069263458251953,-16.5884952545166,63.972965240478516,0.8853704333305359,0.6969349980354309
SB71898_component_103a,21.048906,-19.457138,45.229000091552734,251.272216796875,21.04910659790039,-19.457035064697266,50.15229415893555,1.1456682682037354,0.9018331170082092
SB71898_component_105a,19.056409,-21.21136,40.6619987487793,95.00466918945312,19.056541442871094,-21.211336135864258,57.30790328979492,0.9013779759407043,0.7095355987548828
SB71898_component_108a,21.432462,-18.744004,41.500999450683594,235.80113220214844,21.4326171875,-18.74393653869629,66.70691680908203,0.7903516888618469,0.6221393942832947
SB71898_component_117a,21.469893,-20.953417,41.375,162.89369201660156,21.47007179260254,-20.95330047607422,62.056217193603516,0.8470039367675781,0.6667341589927673
SB71898_component_118a,21.947299,-20.517911,41.18199920654297,199.91261291503906,21.947490692138672,-20.517824172973633,40.62602233886719,1.2877626419067383,1.0136852264404297
SB71898_component_124a,20.265641,-17.83283,38.816001892089844,226.99415588378906,20.265790939331055,-17.832773208618164,56.16691589355469,0.8779361844062805,0.6910830140113831
SB71898_component_125a,17.595764,-19.138673,37.65999984741211,201.39036560058594,17.59585189819336,-19.13852882385254,37.113189697265625,1.2890944480895996,1.0147335529327393
SB71898_component_127a,22.68499,-19.008575,39.22100067138672,71.4407958984375,22.685163497924805,-19.008527755737305,70.29792785644531,0.7087757587432861,0.5579254031181335
SB71898_component_133a,20.391249,-16.292175,36.215999603271484,143.7142791748047,20.391340255737305,-16.292098999023438,51.554359436035156,0.8924169540405273,0.7024818062782288
SB71898_component_136a,22.042673,-20.072556,36.268001556396484,173.53109741210938,22.042882919311523,-20.072471618652344,51.382991790771484,0.8966789245605469,0.7058367133140564
SB71898_component_138a,16.155092,-17.187808,38.305999755859375,49.17329788208008,16.155176162719727,-17.187744140625,53.63958740234375,0.907223105430603,0.7141367197036743
SB71898_component_140a,18.988193,-16.725962,35.18299865722656,185.17367553710938,18.988300323486328,-16.725854873657227,50.32326126098633,0.8881714344024658,0.6991398930549622
SB71898_component_141a,16.794204,-18.128421,34.75199890136719,102.81656646728516,16.7943115234375,-18.12827491760254,57.20724868774414,0.7717230319976807,0.6074754595756531
SB71898_component_157a,16.996248,-20.522969,32.60900115966797,162.23382568359375,16.99641990661621,-20.522872924804688,48.02067565917969,0.862664520740509,0.6790617108345032
SB71898_component_160a,17.35054,-20.490422,32.08300018310547,152.7761993408203,17.350711822509766,-20.490324020385742,51.345787048339844,0.7937849760055542,0.6248419284820557
SB71898_component_161a,19.823485,-17.946449,31.506000518798828,177.0,19.823637008666992,-17.94637107849121,47.266319274902344,0.8467870950698853,0.6665634512901306
SB71898_component_167a,18.336194,-19.208543,30.62700080871582,171.10055541992188,18.33629035949707,-19.208383560180664,44.77352523803711,0.868992269039154,0.6840426325798035
SB71898_component_170a,21.008133,-18.159848,31.273000717163086,182.88304138183594,21.008285522460938,-18.15978240966797,45.276912689208984,0.8774561882019043,0.6907052397727966
SB71898_component_175a,18.072672,-19.448651,32.2760009765625,189.85882568359375,18.07275390625,-19.44854736328125,46.53296661376953,0.8811537623405457,0.6936157941818237
SB71898_component_178a,21.305839,-19.95483,28.40399932861328,147.1709747314453,21.30605125427246,-19.954761505126953,39.505043029785156,0.9133971929550171,0.7189968228340149
SB71898_component_179a,16.818271,-20.91861,28.058000564575195,117.39749908447266,16.818443298339844,-20.91849136352539,35.01633834838867,1.0179318189620972,0.8012831211090088
SB71898_component_180a,18.200011,-16.00224,29.381999969482422,56.941864013671875,18.200124740600586,-16.002159118652344,36.810420989990234,1.0140124559402466,0.798197865486145
SB71898_component_181a,18.977269,-17.604739,29.0310001373291,187.29676818847656,18.977426528930664,-17.604602813720703,46.65055847167969,0.790565550327301,0.6223076581954956
SB71898_component_182a,21.470917,-15.899447,28.639999389648438,44.6801872253418,21.471010208129883,-15.899274826049805,38.32093811035156,0.9494444727897644,0.7473720908164978
SB71898_component_185a,21.809307,-18.840072,29.358999252319336,172.6999969482422,21.809375762939453,-18.840110778808594,41.74106216430664,0.8935327529907227,0.7033601403236389
SB71898_component_192a,20.387335,-17.935059,28.735000610351562,159.63888549804688,20.38749885559082,-17.934986114501953,39.08423614501953,0.9339901208877563,0.7352069020271301
SB71898_component_193a,22.132992,-17.370477,24.884000778198242,110.106201171875,22.13304328918457,-17.37045669555664,37.510990142822266,0.8427415490150452,0.6633789539337158
SB71898_component_195a,18.37894,-20.613841,25.64299964904785,135.67724609375,18.379108428955078,-20.613821029663086,39.263153076171875,0.8296909928321838,0.6531059741973877
SB71898_component_197a,20.729685,-18.014059,24.549999237060547,134.89010620117188,20.729833602905273,-18.01399040222168,34.74289321899414,0.8976731300354004,0.7066193222999573
SB71898_component_198a,22.747823,-16.635884,27.011999130249023,97.5162353515625,22.747806549072266,-16.635969161987305,33.451988220214844,1.0258114337921143,0.8074856400489807
SB71898_component_203a,17.893417,-19.242405,25.667999267578125,146.67428588867188,17.893503189086914,-19.242263793945312,35.892974853515625,0.9084798097610474,0.7151259779930115
SB71898_component_205a,18.357468,-16.382567,24.136999130249023,107.27555084228516,18.35757827758789,-16.382478713989258,37.292083740234375,0.8222413659095764,0.6472418904304504
SB71898_component_208a,23.134874,-20.385046,22.30500030517578,24.48408317565918,23.13491439819336,-20.38499641418457,31.99608612060547,0.8856009840965271,0.697116494178772
SB71898_component_210a,16.646332,-18.742895,24.524999618530273,94.3269271850586,16.64643669128418,-18.74277114868164,35.065025329589844,0.8885207176208496,0.699414849281311
SB71898_component_212a,19.524745,-19.834055,22.99799919128418,124.31350708007812,19.52489471435547,-19.834014892578125,34.68560028076172,0.8423131108283997,0.6630417108535767
SB71898_component_215a,22.602592,-16.201643,23.886999130249023,65.08718872070312,22.60256576538086,-16.201723098754883,31.982019424438477,0.9488300681114197,0.7468883991241455
SB71898_component_216a,20.13282,-21.104856,23.332000732421875,76.24836730957031,20.132957458496094,-21.10482406616211,34.2761116027832,0.8647551536560059,0.6807073354721069
SB71898_component_222a,17.3953,-18.663569,21.736000061035156,110.33502960205078,17.395414352416992,-18.663440704345703,26.192485809326172,1.0542305707931519,0.8298563361167908
SB71898_component_223a,21.168168,-18.436833,23.12299919128418,135.2222137451172,21.168363571166992,-18.436786651611328,33.7703742980957,0.8698433041572571,0.6847125291824341
SB71898_component_225a,20.488531,-17.816119,21.68000030517578,119.12088012695312,20.488689422607422,-17.816059112548828,32.92473602294922,0.836507260799408,0.6584715247154236
SB71898_component_227a,19.067615,-19.857536,21.218000411987305,107.7055892944336,19.067764282226562,-19.857467651367188,25.756345748901367,1.0465329885482788,0.8237969875335693
SB71898_component_228a,22.985002,-17.346974,19.562000274658203,30.375776290893555,22.98516273498535,-17.34705924987793,21.14086151123047,1.175501823425293,0.925317108631134
SB71898_component_231a,21.612169,-20.766644,20.784000396728516,103.40298461914062,21.612369537353516,-20.766525268554688,31.368274688720703,0.8417269587516785,0.6625803112983704
SB71898_component_235a,17.188004,-20.816049,21.288999557495117,97.21004486083984,17.188203811645508,-20.81593894958496,29.46416664123535,0.9178966879844666,0.7225386500358582
SB71898_component_241a,16.461306,-18.489233,21.01099967956543,38.06340789794922,16.461410522460938,-18.489171981811523,25.144102096557617,1.0615569353103638,0.8356233835220337
SB71898_component_246a,16.701924,-21.260266,20.658000946044922,45.70354461669922,16.702064514160156,-21.26011848449707,30.886953353881836,0.8496614694595337,0.6688261032104492
SB71898_component_248a,19.80926,-21.001279,19.424999237060547,78.64372253417969,19.8094425201416,-21.001256942749023,23.252685546875,1.0612571239471436,0.8353873491287231
SB71898_component_249a,22.162192,-19.366794,19.09000015258789,87.97235107421875,22.16239356994629,-19.366729736328125,18.382925033569336,1.319240689277649,1.0384637117385864
SB71898_component_250a,15.969916,-20.868213,18.70199966430664,19.769556045532227,15.970071792602539,-20.868051528930664,23.881582260131836,0.9948501586914062,0.783113956451416
SB71898_component_254a,18.42522,-21.394798,19.58799934387207,28.143678665161133,18.425453186035156,-21.39475440979004,35.25640106201172,0.7058051824569702,0.5555870532989502
SB71898_component_255a,16.350879,-21.305972,19.360000610351562,25.60846710205078,16.350980758666992,-21.30599594116211,26.4466552734375,0.9299665689468384,0.7320396900177002
SB71898_component_259a,22.710046,-16.602444,19.472999572753906,71.06934356689453,22.710046768188477,-16.602487564086914,29.697519302368164,0.8330007791519165,0.65571129322052
SB71898_component_262a,21.241697,-17.623458,17.506999969482422,92.62963104248047,21.241817474365234,-17.623401641845703,22.74639320373535,0.9777591228485107,0.769660472869873
SB71898_component_263a,19.219187,-17.849777,18.156999588012695,102.58191680908203,19.219383239746094,-17.849700927734375,16.80312156677246,1.3727353811264038,1.0805729627609253
SB71898_component_265a,18.027562,-16.544067,19.099000930786133,85.26339721679688,18.027660369873047,-16.543989181518555,27.555376052856445,0.8805155754089355,0.6931134462356567
SB71898_component_266a,19.076411,-20.763594,19.41900062561035,66.27645111083984,19.076549530029297,-20.7635555267334,26.37867546081543,0.9352045059204102,0.7361628413200378
SB71898_component_271a,16.448493,-17.665247,17.457000732421875,43.64250183105469,16.448593139648438,-17.66518211364746,17.926246643066406,1.2371232509613037,0.9738235473632812
SB71898_component_272a,18.65223,-16.508592,18.422000885009766,95.94792175292969,18.65236473083496,-16.508445739746094,27.53540802001953,0.8499199151992798,0.6690295338630676
SB71898_component_275a,18.028949,-20.94545,18.152000427246094,73.78861999511719,18.02914810180664,-20.945390701293945,27.31282615661621,0.8442879319190979,0.6645961999893188
SB71898_component_276a,20.245782,-19.320661,17.5,99.43181610107422,20.245933532714844,-19.32057762145996,22.414794921875,0.9918271899223328,0.7807343602180481
SB71898_component_277a,17.43755,-21.159922,18.0939998626709,47.994693756103516,17.437725067138672,-21.15987205505371,24.953760147094727,0.9211519956588745,0.725101113319397
SB71898_component_281a,22.412736,-19.754556,17.496000289916992,88.36363983154297,22.412879943847656,-19.754520416259766,24.550920486450195,0.905323326587677,0.7126412987709045
SB71898_component_282a,23.135535,-17.936613,17.236000061035156,24.241912841796875,23.13555335998535,-17.936540603637695,23.247039794921875,0.9418929219245911,0.7414277195930481
SB71898_component_284a,20.866325,-19.107074,17.177000045776367,108.7151870727539,20.866493225097656,-19.106990814208984,26.458133697509766,0.8247472047805786,0.6492143273353577
SB71898_component_285a,18.76174,-16.06627,17.775999069213867,43.462100982666016,18.761837005615234,-16.0661563873291,30.085121154785156,0.7506110668182373,0.5908568501472473
SB71898_component_292a,22.060146,-21.485333,13.614999771118164,15.66743278503418,22.060245513916016,-21.485145568847656,20.088857650756836,0.8609840869903564,0.6777388453483582
SB71898_component_295a,17.6421,-19.425191,15.758999824523926,85.18378448486328,17.642229080200195,-19.42507553100586,22.11341094970703,0.905327320098877,0.7126444578170776
SB71898_component_297a,21.880481,-17.945497,16.336999893188477,85.5340347290039,21.880578994750977,-17.945449829101562,23.533395767211914,0.8819021582603455,0.6942049264907837
SB71898_component_298a,22.472618,-19.964676,15.779999732971191,74.4339599609375,22.472810745239258,-19.964624404907227,22.251211166381836,0.9009196162223816,0.7091748714447021
SB71898_component_299a,23.04208,-18.825461,17.66900062561035,18.559873580932617,23.042184829711914,-18.825544357299805,17.94283676147461,1.250989317893982,0.9847384095191956
SB71898_component_305a,18.138323,-16.284595,17.885000228881836,61.67241668701172,18.138423919677734,-16.28453254699707,28.676523208618164,0.7923100590705872,0.6236808896064758
SB71898_component_306a,16.553951,-16.611825,17.798999786376953,21.946979522705078,16.554046630859375,-16.61173439025879,30.55736541748047,0.7399671077728271,0.5824782252311707
SB71898_component_307a,17.491786,-16.089346,16.941999435424805,39.95754623413086,17.49190902709961,-16.089305877685547,23.48077392578125,0.916610836982727,0.7215264439582825
SB71898_component_309a,23.199096,-20.04353,15.295999526977539,17.30316734313965,23.199270248413086,-20.043460845947266,17.704023361206055,1.0975861549377441,0.8639843463897705
SB71898_component_310a,17.482249,-17.20259,16.042999267578125,81.4365463256836,17.482295989990234,-17.20249366760254,18.96141815185547,1.074849009513855,0.8460864424705505
SB71898_component_314a,20.132808,-18.740746,15.404999732971191,84.18032836914062,20.13296127319336,-18.74065589904785,23.053653717041016,0.8488962650299072,0.6682237982749939
SB71898_component_317a,20.480903,-19.307242,15.404999732971191,89.0462417602539,20.481056213378906,-19.307153701782227,21.871091842651367,0.894795835018158,0.7043544054031372
SB71898_component_318a,19.635591,-16.113195,15.736000061035156,44.959999084472656,19.635635375976562,-16.113035202026367,23.098936080932617,0.8654362559318542,0.6812434792518616
SB71898_component_323a,17.205809,-20.662616,15.310999870300293,76.939697265625,17.206026077270508,-20.662506103515625,20.138992309570312,0.9658252000808716,0.7602664232254028
SB71898_component_328a,22.970875,-17.726923,15.265999794006348,21.56214714050293,22.970979690551758,-17.726831436157227,27.02322006225586,0.7176635265350342,0.5649215579032898
SB71898_component_330a,21.251156,-17.376201,14.74899959564209,81.93888092041016,21.251258850097656,-17.376113891601562,25.596864700317383,0.731995701789856,0.5762033462524414
SB71898_component_332a,21.430904,-16.721106,16.385000228881836,91.02777862548828,21.430959701538086,-16.720989227294922,22.858701705932617,0.9105998873710632,0.7167948484420776
SB71898_component_335a,16.36618,-19.632129,12.722000122070312,18.653959274291992,16.366195678710938,-19.632001876831055,18.076841354370117,0.8940576910972595,0.7037733793258667
SB71898_component_337a,19.024128,-17.532728,15.654000282287598,97.8375015258789,19.024274826049805,-17.532621383666992,21.90120506286621,0.9080088138580322,0.7147551774978638
SB71898_component_339a,22.199246,-20.861967,14.829000473022461,53.34172821044922,22.19939613342285,-20.861875534057617,19.236682891845703,0.9792969822883606,0.7708709836006165
SB71898_component_340a,17.05671,-21.126716,15.680000305175781,52.61745071411133,17.05694007873535,-21.12664794921875,20.27773094177246,0.9823346138000488,0.773262083530426
SB71898_component_341a,19.608235,-18.603478,15.032999992370605,80.82257843017578,19.608413696289062,-18.603364944458008,22.558809280395508,0.8465687036514282,0.6663915514945984
SB71898_component_342a,18.844177,-16.699807,13.914999961853027,70.9948959350586,18.844318389892578,-16.699695587158203,21.73996353149414,0.8131246566772461,0.6400654911994934
SB71898_component_347a,18.149338,-17.690143,15.28600025177002,88.8720932006836,18.149429321289062,-17.690006256103516,21.24193000793457,0.9141818284988403,0.7196144461631775
SB71898_component_354a,19.950139,-21.331603,15.751999855041504,32.61283493041992,19.95029067993164,-21.331600189208984,21.048568725585938,0.9507051706314087,0.7483643889427185
SB71898_component_360a,21.958213,-17.399423,14.043999671936035,70.2199935913086,21.95824432373047,-17.39936065673828,16.48619270324707,1.0821890830993652,0.8518643379211426
SB71898_component_362a,20.652705,-21.475736,14.812000274658203,18.468828201293945,20.6528377532959,-21.475688934326172,17.02873420715332,1.1050045490264893,0.8698239326477051
SB71898_component_363a,21.311449,-18.3576,14.364999771118164,83.51744079589844,21.311588287353516,-18.357501983642578,19.44615364074707,0.9384359121322632,0.7387064695358276
SB71898_component_369a,16.298842,-17.418674,14.687000274658203,29.791074752807617,16.298860549926758,-17.418624877929688,18.910125732421875,0.9866688251495361,0.7766738533973694
SB71898_component_370a,21.310166,-18.031362,13.28499984741211,72.59562683105469,21.310287475585938,-18.031291961669922,19.004390716552734,0.8880559206008911,0.6990489959716797
SB71898_component_371a,21.129507,-18.447741,13.02299976348877,74.41714477539062,21.12970733642578,-18.447654724121094,19.64470100402832,0.8421671986579895,0.6629268527030945
SB71898_component_373a,21.592733,-21.242239,14.145000457763672,32.517242431640625,21.59288787841797,-21.242204666137695,21.39863395690918,0.8397492170333862,0.6610234975814819
SB71898_component_374a,17.662943,-16.159584,14.3100004196167,39.42148971557617,17.662952423095703,-16.159496307373047,15.658061981201172,1.1610057353973389,0.9139062166213989
SB71898_component_377a,20.613613,-19.265399,13.454000473022461,80.08333587646484,20.613788604736328,-19.265316009521484,11.664339065551758,1.4652915000915527,1.1534301042556763
SB71898_component_379a,21.131483,-16.482963,13.965999603271484,69.82999420166016,21.13157081604004,-16.48288917541504,14.636077880859375,1.2122160196304321,0.9542173743247986
SB71898_component_380a,16.832932,-21.609687,12.75,12.17764949798584,16.8330078125,-21.609416961669922,17.80872344970703,0.9095155000686646,0.7159412503242493
SB71898_component_381a,19.689938,-21.044104,12.767999649047852,39.775699615478516,19.690013885498047,-21.044116973876953,13.41102123260498,1.2094660997390747,0.9520527720451355
SB71898_component_383a,19.190239,-16.553112,12.73900032043457,64.33838653564453,19.190385818481445,-16.553043365478516,20.236988067626953,0.7996909618377686,0.6294909119606018
SB71898_component_385a,21.921153,-21.091065,13.0,43.33333206176758,21.921371459960938,-21.090972900390625,16.294906616210938,1.0135010480880737,0.797795295715332
SB71898_component_386a,20.033912,-19.041186,12.690999984741211,75.54166412353516,20.034082412719727,-19.041109085083008,14.933209419250488,1.0796310901641846,0.8498507738113403
SB71898_component_387a,16.463012,-18.443026,11.33899974822998,19.75435447692871,16.463136672973633,-18.44293212890625,18.1801700592041,0.7923362255096436,0.6237015128135681
SB71898_component_388a,17.973519,-21.547586,12.812000274658203,15.60536003112793,17.97374153137207,-21.547456741333008,15.389581680297852,1.057603359222412,0.8325112462043762
SB71898_component_389a,22.162045,-20.128161,13.300999641418457,56.841880798339844,22.162214279174805,-20.128074645996094,16.407800674438477,1.0298326015472412,0.8106510043144226
SB71898_component_391a,16.627141,-19.822612,11.909000396728516,25.17759132385254,16.627336502075195,-19.822463989257812,20.40106201171875,0.741575300693512,0.5837441682815552
SB71898_component_395a,19.838497,-17.856569,13.85099983215332,74.46774291992188,19.838586807250977,-17.856470108032227,19.266212463378906,0.9133085012435913,0.7189269661903381
SB71898_component_402a,22.79513,-16.390695,13.263999938964844,37.5750732421875,22.79513168334961,-16.390769958496094,20.009733200073242,0.8421043753623962,0.6628773808479309
SB71898_component_404a,17.489547,-20.243941,13.125,64.3382339477539,17.48969268798828,-20.24382209777832,18.070707321166992,0.9226922392845154,0.726313591003418
SB71898_component_405a,18.209611,-18.019338,13.401000022888184,75.28651428222656,18.209714889526367,-18.019174575805664,17.790010452270508,0.9569598436355591,0.7532879114151001
SB71898_component_409a,18.355636,-18.340281,12.121000289916992,73.46060180664062,18.355831146240234,-18.340044021606445,7.63360595703125,2.017165184020996,1.5878472328186035
SB71898_component_413a,22.977407,-20.118218,12.793999671936035,27.93449592590332,22.977489471435547,-20.118154525756836,18.058629989624023,0.9000243544578552,0.7084701061248779
SB71898_component_416a,16.71627,-21.13885,12.020999908447266,32.93424606323242,16.716407775878906,-21.13871192932129,16.104276657104492,0.9482701420783997,0.7464476823806763
SB71898_component_417a,21.158741,-18.565023,12.28499984741211,77.26415252685547,21.158878326416016,-18.564973831176758,18.195266723632812,0.8577277064323425,0.6751756072044373
SB71898_component_418a,21.254316,-20.145145,12.170000076293945,63.0569953918457,21.254541397094727,-20.145030975341797,16.96604347229004,0.9112609028816223,0.717315137386322
SB71898_component_424a,18.021174,-16.638624,12.04800033569336,56.56338119506836,18.0212345123291,-16.638517379760742,16.601478576660156,0.9219362735748291,0.7257184982299805
SB71898_component_425a,21.868472,-19.067554,11.89799976348877,65.01639556884766,21.86872100830078,-19.067537307739258,16.053991317749023,0.9415072202682495,0.7411240935325623
SB71898_component_426a,21.3961,-20.004332,12.4399995803833,74.04761505126953,21.396337509155273,-20.0042667388916,14.693133354187012,1.0755698680877686,0.846653938293457
SB71898_component_427a,18.691571,-19.724178,11.307000160217285,59.510528564453125,18.69170570373535,-19.72413444519043,15.323156356811523,0.9374149441719055,0.737902820110321
SB71898_component_428a,19.344785,-17.154318,12.277000427246094,66.72283172607422,19.344905853271484,-17.154207229614258,19.374408721923828,0.8050011992454529,0.6336709856987
SB71898_component_429a,17.374191,-19.894053,12.543999671936035,63.35353469848633,17.374330520629883,-19.893953323364258,16.60856819152832,0.959481418132782,0.7552728056907654
SB71898_component_430a,18.247047,-20.662371,12.217000007629395,67.49723815917969,18.24724578857422,-20.662364959716797,19.04340934753418,0.8149905800819397,0.6415342688560486
SB71898_component_432a,20.669762,-20.406688,10.864999771118164,59.371585845947266,20.669849395751953,-20.406538009643555,5.833242893218994,2.3662049770355225,1.862600326538086
SB71898_component_433a,17.425471,-18.592352,10.899999618530273,58.918914794921875,17.42559242248535,-18.592199325561523,14.561591148376465,0.9509339928627014,0.7485445737838745
SB71898_component_434a,17.083076,-19.222072,10.65999984741211,58.251365661621094,17.083175659179688,-19.22201156616211,14.461057662963867,0.936461329460144,0.7371521592140198
SB71898_component_436a,19.053509,-18.184104,11.529000282287598,68.625,19.05370330810547,-18.183958053588867,16.684057235717773,0.8778548240661621,0.6910189986228943
SB71898_component_439a,19.777544,-16.285062,11.753999710083008,41.097900390625,19.77763557434082,-16.285011291503906,20.531801223754883,0.7272627353668213,0.5724777579307556
SB71898_component_445a,22.245127,-17.614733,11.307999610900879,46.15509796142578,22.245195388793945,-17.614704132080078,11.127799987792969,1.2909493446350098,1.0161936283111572
SB71898_component_446a,16.777002,-16.420265,11.652000427246094,21.738805770874023,16.777095794677734,-16.420217514038086,16.79080581665039,0.8815798759460449,0.6939512491226196
SB71898_component_452a,22.54867,-17.976421,10.621999740600586,44.07468795776367,22.548721313476562,-17.976402282714844,13.247248649597168,1.018622636795044,0.8018268346786499
SB71898_component_454a,17.010545,-20.704953,10.053000450134277,51.29082107543945,17.010684967041016,-20.7048282623291,10.900423049926758,1.1716153621673584,0.9222578406333923
SB71898_component_455a,16.315352,-21.416112,11.623000144958496,10.9962158203125,16.315610885620117,-21.415964126586914,14.028216361999512,1.0525639057159424,0.8285443782806396
SB71898_component_459a,16.655753,-16.490299,10.218999862670898,14.075757026672363,16.655702590942383,-16.49022674560547,8.494362831115723,1.528306007385254,1.2030330896377563
SB71898_component_464a,21.335961,-18.390762,11.119000434875488,65.4058837890625,21.33608627319336,-18.39069175720215,14.3602933883667,0.9836376309394836,0.7742878198623657
SB71898_component_465a,20.325966,-18.694188,10.571000099182129,56.83333206176758,20.32619857788086,-18.694107055664062,14.894560813903809,0.9016149044036865,0.7097221612930298
SB71898_component_471a,22.726289,-16.715453,10.661999702453613,39.34317398071289,22.726369857788086,-16.715526580810547,16.103242874145508,0.841120183467865,0.6621026396751404
SB71898_component_476a,22.158515,-17.794174,10.105999946594238,44.71681594848633,22.15855598449707,-17.79412078857422,11.578559875488281,1.1088109016418457,0.8728201389312744
SB71898_component_483a,18.352444,-16.477975,9.982999801635742,48.69755935668945,18.352575302124023,-16.477815628051758,15.418777465820312,0.8225150108337402,0.6474573016166687
SB71898_component_489a,19.984735,-17.611205,9.119999885559082,53.96449661254883,19.984905242919922,-17.611181259155273,9.716771125793457,1.1923549175262451,0.9385833740234375
SB71898_component_491a,18.190735,-20.767469,9.37600040435791,48.5803108215332,18.190921783447266,-20.767419815063477,15.038089752197266,0.7920592427253723,0.6234834790229797
SB71898_component_492a,17.026232,-18.522468,10.548999786376953,47.304931640625,17.026432037353516,-18.522279739379883,13.480053901672363,0.9941510558128357,0.7825636267662048
SB71898_component_493a,16.52548,-20.558462,10.684000015258789,39.717472076416016,16.525634765625,-20.558351516723633,15.057290077209473,0.9014046788215637,0.7095566391944885
SB71898_component_495a,18.184509,-20.575986,9.815999984741211,55.14606475830078,18.184656143188477,-20.57593536376953,12.897948265075684,0.9668222665786743,0.7610512971878052
SB71898_component_499a,17.230885,-18.369013,9.326000213623047,48.82722473144531,17.2310733795166,-18.36884117126465,6.898908615112305,1.7173062562942505,1.3518080711364746
SB71898_component_502a,22.070027,-19.631703,9.211999893188477,46.05999755859375,22.070249557495117,-19.63174057006836,13.610774040222168,0.8598126173019409,0.6768167614936829
SB71898_component_503a,16.256903,-20.510615,10.12399959564209,21.403804779052734,16.25705337524414,-20.51059341430664,13.48038387298584,0.9540750980377197,0.751017153263092
SB71898_component_505a,22.481005,-17.466558,9.331999778747559,26.739253997802734,22.481136322021484,-17.466468811035156,9.42316722869873,1.2580866813659668,0.9903251528739929
SB71898_component_509a,17.571572,-21.204913,9.300999641418457,22.90886688232422,17.57172966003418,-21.204792022705078,13.813324928283691,0.8553898930549622,0.6733353137969971
SB71898_component_513a,19.150552,-18.717409,9.395000457763672,57.28658676147461,19.15073013305664,-18.717329025268555,13.099693298339844,0.9111049175262451,0.7171924114227295
SB71898_component_516a,18.743685,-17.355443,9.435999870300293,54.54335403442383,18.743783950805664,-17.35529136657715,13.051559448242188,0.9184557199478149,0.7229787111282349
SB71898_component_518a,22.556523,-16.994234,8.967000007629395,34.095054626464844,22.5565128326416,-16.99432373046875,14.342497825622559,0.7942461371421814,0.6252049207687378
SB71898_component_519a,22.463126,-16.85158,9.116999626159668,42.80281448364258,22.463117599487305,-16.851694107055664,11.132349014282227,1.0403939485549927,0.8189646005630493
SB71898_component_522a,17.028363,-17.548851,8.284000396728516,42.05076599121094,17.028392791748047,-17.548805236816406,13.821433067321777,0.7614120244979858,0.5993590354919434
SB71898_component_527a,22.877279,-20.173978,8.91100025177002,21.016510009765625,22.87740707397461,-20.173965454101562,10.826240539550781,1.0456383228302002,0.8230927586555481
SB71898_component_535a,21.992248,-20.259785,8.571000099182129,41.206729888916016,21.992450714111328,-20.25960922241211,7.837902545928955,1.389198660850525,1.0935323238372803
SB71898_component_539a,16.822367,-18.818648,9.093999862670898,43.099525451660156,16.82246971130371,-18.818511962890625,8.715877532958984,1.3254902362823486,1.0433831214904785
SB71898_component_541a,17.717458,-18.382267,8.746000289916992,49.97714614868164,17.71757698059082,-18.382158279418945,14.69209098815918,0.7562381625175476,0.5952863097190857
SB71898_component_542a,19.527524,-17.624714,8.130999565124512,41.91236877441406,19.527599334716797,-17.624588012695312,12.53994083404541,0.8237229585647583,0.6484081149101257
SB71898_component_543a,17.082858,-16.418866,8.246999740600586,23.973834991455078,17.082868576049805,-16.4188232421875,13.0701322555542,0.8015834093093872,0.6309806108474731
SB71898_component_544a,20.246951,-16.305931,8.914999961853027,35.376983642578125,20.247005462646484,-16.30585479736328,14.547175407409668,0.7785300612449646,0.6128337383270264
SB71898_component_549a,17.767676,-20.326076,7.59499979019165,39.97368240356445,17.767824172973633,-20.3260555267334,8.88521671295166,1.0859065055847168,0.8547906279563904
SB71898_component_550a,21.04943,-19.780209,8.270999908447266,49.526947021484375,21.049619674682617,-19.780122756958008,11.68787670135498,0.8989905118942261,0.7076563239097595
SB71898_component_554a,19.6108,-19.770077,8.718000411987305,48.165748596191406,19.610902786254883,-19.770078659057617,11.608789443969727,0.9540314078330994,0.7509827613830566
SB71898_component_562a,17.772977,-18.14839,7.834000110626221,45.546512603759766,17.773134231567383,-18.148286819458008,10.615812301635742,0.9374822378158569,0.7379558086395264
SB71898_component_565a,21.096657,-17.486622,8.616999626159668,50.09883499145508,21.096803665161133,-17.486528396606445,12.539381980895996,0.8729968070983887,0.6871949434280396
SB71898_component_566a,16.390509,-20.403525,8.859999656677246,24.54293441772461,16.390789031982422,-20.403400421142578,12.502869606018066,0.9002367258071899,0.7086372971534729
SB71898_component_571a,22.048886,-16.61171,8.345000267028809,37.088890075683594,22.048870086669922,-16.611757278442383,10.604203224182129,0.9997261166572571,0.7869521379470825
SB71898_component_573a,22.129364,-21.059814,8.505999565124512,25.543542861938477,22.129636764526367,-21.059783935546875,10.41062068939209,1.0379620790481567,0.8170501589775085
SB71898_component_576a,19.483905,-17.795369,8.109000205993652,43.13298034667969,19.48416519165039,-17.795259475708008,10.313492774963379,0.9988362193107605,0.7862516045570374
SB71898_component_577a,19.275422,-18.857506,8.991000175476074,53.2011833190918,19.275558471679688,-18.85735321044922,12.556205749511719,0.9096667170524597,0.7160602807998657
SB71898_component_580a,17.379911,-19.113447,8.293000221252441,48.49707794189453,17.379953384399414,-19.11332893371582,10.763951301574707,0.978752076625824,0.770442008972168
SB71898_component_586a,18.108754,-20.792733,8.345999717712402,45.6065559387207,18.10894203186035,-20.79277229309082,10.415498733520508,1.0179606676101685,0.8013058304786682
SB71898_component_587a,20.987582,-18.329544,8.373000144958496,44.30158996582031,20.987777709960938,-18.3294677734375,11.852950096130371,0.8974026441574097,0.7064064145088196
SB71898_component_589a,22.450261,-18.39462,7.692999839782715,40.06770706176758,22.450464248657227,-18.39458656311035,10.916190147399902,0.8952768445014954,0.7047330141067505
SB71898_component_590a,17.437954,-20.147893,8.368000030517578,44.04210662841797,17.438112258911133,-20.147855758666992,10.931084632873535,0.9725034236907959,0.7655233144760132
SB71898_component_595a,20.955954,-21.083591,7.954999923706055,27.525951385498047,20.95614242553711,-21.083423614501953,10.797294616699219,0.9359614253044128,0.7367586493492126
SB71898_component_603a,20.850687,-18.113542,8.270000457763672,48.081398010253906,20.85083770751953,-18.113388061523438,11.99990177154541,0.8755089044570923,0.6891723275184631
SB71898_component_604a,21.198311,-18.561882,7.954999923706055,45.4571418762207,21.198518753051758,-18.561786651611328,11.538949012756348,0.8758034706115723,0.6894041895866394
SB71898_component_613a,19.167388,-16.099223,8.598999977111816,23.886110305786133,19.167577743530273,-16.099069595336914,11.242990493774414,0.9716252684593201,0.764832079410553
SB71898_component_615a,19.781788,-17.789079,8.013999938964844,47.14117431640625,19.78189468383789,-17.788986206054688,13.63217544555664,0.7468216419219971,0.5878738760948181
SB71898_component_618a,19.010218,-20.694696,7.38100004196167,31.408510208129883,19.01043701171875,-20.69463348388672,8.543334007263184,1.0975404977798462,0.8639484643936157
SB71898_component_620a,19.520129,-16.774056,8.015000343322754,44.0384635925293,19.52021026611328,-16.77393913269043,9.534391403198242,1.0679312944412231,0.8406410217285156
SB71898_component_621a,18.216825,-20.160975,8.21399974822998,47.75580978393555,18.216968536376953,-20.160892486572266,11.61724853515625,0.8982229232788086,0.7070520520210266
SB71898_component_624a,18.30152,-18.09632,7.224999904632568,41.76300811767578,18.301624298095703,-18.096149444580078,8.261110305786133,1.1110461950302124,0.8745797872543335
SB71898_component_627a,18.251658,-16.193151,7.738999843597412,23.95975112915039,18.25182342529297,-16.19307518005371,12.058743476867676,0.8152964115142822,0.6417749524116516
SB71898_component_636a,21.195512,-19.452988,7.159999847412109,41.1494255065918,21.1956729888916,-19.452852249145508,10.753101348876953,0.8458862900733948,0.6658543944358826
SB71898_component_637a,21.383566,-17.849754,7.705999851226807,44.80232238769531,21.38371467590332,-17.849655151367188,10.394543647766113,0.9417948126792908,0.7413504719734192
SB71898_component_641a,19.528866,-16.345094,7.304999828338623,30.311203002929688,19.529043197631836,-16.34499168395996,12.195504188537598,0.7609448432922363,0.5989912152290344
SB71898_component_647a,20.638882,-17.109454,7.609000205993652,42.7471923828125,20.638961791992188,-17.10938262939453,12.602765083312988,0.7669984102249146,0.6037564277648926
SB71898_component_648a,18.54273,-16.234982,7.205999851226807,24.678081512451172,18.5428409576416,-16.234973907470703,10.940672874450684,0.8367253541946411,0.6586431860923767
SB71898_component_651a,20.975989,-18.230475,7.124000072479248,41.9058837890625,20.976123809814453,-18.230388641357422,9.54391098022461,0.9482662081718445,0.7464445233345032
SB71898_component_652a,19.452736,-17.78908,7.068999767303467,36.6269416809082,19.452882766723633,-17.78901481628418,9.460978507995605,0.9491931796073914,0.7471742630004883
SB71898_component_653a,19.60368,-19.847713,7.122000217437744,39.34806823730469,19.603883743286133,-19.847675323486328,8.694762229919434,1.040583610534668,0.8191138505935669
SB71898_component_654a,17.620415,-17.142332,7.489999771118164,38.410255432128906,17.62041473388672,-17.1422119140625,10.747068405151367,0.8853694200515747,0.6969342231750488
SB71898_component_656a,19.574103,-17.186114,7.738999843597412,42.05978012084961,19.57419204711914,-17.18608283996582,9.84665584564209,0.9984556436538696,0.785952091217041
SB71898_component_657a,20.174773,-17.321903,6.828000068664551,36.90810775756836,20.17496109008789,-17.321765899658203,10.145502090454102,0.854973554611206,0.673007607460022
SB71898_component_659a,20.216205,-18.309222,7.340000152587891,41.9428596496582,20.216386795043945,-18.30916976928711,7.992504119873047,1.1666643619537354,0.9183605313301086
SB71898_component_663a,17.193403,-21.083331,7.051000118255615,23.118032455444336,17.19341468811035,-21.083242416381836,3.291611671447754,2.721290349960327,2.1421117782592773
SB71898_component_664a,20.122783,-17.969409,6.389999866485596,33.98936080932617,20.122949600219727,-17.9693660736084,5.424843788146973,1.4963953495025635,1.177914023399353
SB71898_component_669a,21.813502,-17.75174,7.2210001945495605,35.05339813232422,21.813579559326172,-17.75164222717285,11.498391151428223,0.7977980971336365,0.6280009150505066
SB71898_component_678a,17.762335,-20.991533,7.619999885559082,30.238094329833984,17.762510299682617,-20.99148178100586,9.221261978149414,1.049777626991272,0.8263511061668396
SB71898_component_684a,16.282083,-21.025276,7.367000102996826,13.468008041381836,16.282154083251953,-21.025297164916992,8.821611404418945,1.06090247631073,0.83510822057724
SB71898_component_694a,16.367251,-17.206227,7.310999870300293,16.768348693847656,16.367298126220703,-17.206199645996094,8.417086601257324,1.1034374237060547,0.8685902953147888
SB71898_component_695a,21.261604,-17.269863,6.617000102996826,38.248558044433594,21.261695861816406,-17.269779205322266,6.744578838348389,1.2463470697402954,0.9810842275619507
SB71898_component_697a,20.644661,-19.364149,6.806000232696533,37.81111145019531,20.644859313964844,-19.364023208618164,10.631978988647461,0.8132246732711792,0.6401442289352417
SB71898_component_698a,17.16541,-20.382555,6.671000003814697,31.02790641784668,17.165565490722656,-20.38245391845703,8.563498497009277,0.9896290302276611,0.7790040373802185
SB71898_component_699a,21.034861,-20.995094,6.99399995803833,28.430892944335938,21.035057067871094,-20.99493980407715,9.296676635742188,0.9557198882102966,0.7523118257522583
SB71898_component_700a,16.602547,-18.60185,6.239999771118164,18.03468132019043,16.602651596069336,-18.601741790771484,10.155820846557617,0.7805528044700623,0.6144259572029114
SB71898_component_701a,22.616725,-20.369812,6.11899995803833,16.537837982177734,22.616819381713867,-20.369688034057617,8.805936813354492,0.8827497363090515,0.6948721408843994
SB71898_component_707a,19.372739,-16.530695,6.525000095367432,34.342105865478516,19.372772216796875,-16.53073501586914,10.136852264404297,0.8177303671836853,0.6436909437179565
SB71898_component_710a,16.913204,-17.818982,6.434000015258789,28.469026565551758,16.913352966308594,-17.818927764892578,10.935359001159668,0.7474475502967834,0.5883666276931763
SB71898_component_711a,22.799837,-19.287028,6.848999977111816,14.006134986877441,22.7998046875,-19.287221908569336,10.103123664855957,0.8612003922462463,0.6779091358184814
SB71898_component_715a,22.424945,-17.569804,5.934000015258789,20.11525535583496,22.425012588500977,-17.569849014282227,8.466979026794434,0.8903315663337708,0.7008402943611145
SB71898_component_719a,16.66449,-21.132117,6.676000118255615,17.614776611328125,16.664688110351562,-21.1319637298584,9.069893836975098,0.9350758790969849,0.7360615730285645
SB71898_component_721a,17.620766,-18.249353,6.5320000648498535,40.0736198425293,17.62086296081543,-18.249174118041992,8.69546127319336,0.954302966594696,0.7511965036392212
SB71898_component_722a,21.703048,-18.86349,6.676000118255615,38.36781692504883,21.703235626220703,-18.863555908203125,8.105359077453613,1.0463495254516602,0.8236526250839233
SB71898_component_723a,17.231283,-17.960943,6.335000038146973,30.023696899414062,17.231338500976562,-17.9606876373291,9.86336898803711,0.8159321546554565,0.6422754526138306
SB71898_component_725a,19.399502,-20.735257,5.89900016784668,20.625873565673828,19.399677276611328,-20.73513412475586,9.981965065002441,0.7507495284080505,0.5909658074378967
SB71898_component_728a,20.511118,-17.599724,5.935999870300293,33.91999816894531,20.51129722595215,-17.599742889404297,6.7332305908203125,1.1199615001678467,0.8815975785255432
SB71898_component_731a,22.24543,-17.207782,6.1519999504089355,25.848739624023438,22.245389938354492,-17.207782745361328,8.874329566955566,0.8806706070899963,0.693235456943512
SB71898_component_739a,19.526197,-16.658249,6.013999938964844,37.35403823852539,19.526376724243164,-16.658123016357422,9.876721382141113,0.7735409736633301,0.6089065074920654
SB71898_component_741a,21.027395,-20.092083,5.807000160217285,31.389188766479492,21.027610778808594,-20.09198760986328,11.49133586883545,0.6419689655303955,0.5053372383117676
SB71898_component_743a,17.206207,-17.297225,6.076000213623047,30.380001068115234,17.20635223388672,-17.297077178955078,8.372082710266113,0.9219704270362854,0.7257453799247742
SB71898_component_746a,21.44965,-18.340688,5.821000099182129,33.45402526855469,21.449722290039062,-18.340696334838867,9.453376770019531,0.7822459936141968,0.6157588362693787
SB71898_component_748a,22.76118,-19.597449,6.357999801635742,20.576051712036133,22.761394500732422,-19.597333908081055,4.726813316345215,1.7087745666503906,1.3450921773910522
SB71898_component_753a,19.649067,-18.726401,6.442999839782715,30.97595977783203,19.649160385131836,-18.72627067565918,8.996560096740723,0.9097966551780701,0.7161626219749451
SB71898_component_755a,22.041219,-21.047517,5.611000061035156,17.644655227661133,22.041393280029297,-21.047414779663086,6.976069927215576,1.0217912197113037,0.8043210506439209
SB71898_component_760a,19.607315,-21.284114,5.044000148773193,10.87069034576416,19.607524871826172,-21.28398895263672,8.104206085205078,0.7906737327575684,0.6223928928375244
SB71898_component_761a,18.176039,-19.738215,6.138999938964844,35.08000183105469,18.176176071166992,-19.738073348999023,8.71944808959961,0.8944197297096252,0.7040582895278931
SB71898_component_765a,17.780816,-18.768243,5.919000148773193,33.2528076171875,17.7808837890625,-18.76811408996582,8.235036849975586,0.9130941033363342,0.7187581658363342
SB71898_component_766a,16.969537,-18.844947,6.363999843597412,33.49473571777344,16.969518661499023,-18.844724655151367,10.145482063293457,0.796875,0.6272742748260498
SB71898_component_767a,17.955666,-17.232062,5.9730000495910645,33.9375,17.955854415893555,-17.23201560974121,10.516098976135254,0.7215568423271179,0.5679863095283508
SB71898_component_769a,21.118586,-21.276955,5.810999870300293,12.006197929382324,21.118818283081055,-21.276639938354492,7.723293304443359,0.9558308720588684,0.752399206161499
SB71898_component_770a,16.696737,-18.432549,6.1579999923706055,18.058650970458984,16.69699478149414,-18.432506561279297,9.63482666015625,0.8119485378265381,0.6391396522521973
SB71898_component_772a,22.323154,-17.599251,6.765999794006348,24.78388214111328,22.32317543029785,-17.599075317382812,8.99956226348877,0.9550878405570984,0.7518143057823181
SB71898_component_776a,17.58847,-18.162115,5.454999923706055,35.42207717895508,17.58861541748047,-18.161996841430664,7.516775608062744,0.9219256043434143,0.7257100939750671
SB71898_component_787a,20.058098,-20.08961,5.603000164031982,30.286487579345703,20.058250427246094,-20.089649200439453,8.845220565795898,0.8047198057174683,0.6334494352340698
SB71898_component_792a,17.885832,-17.220979,5.76200008392334,30.812833786010742,17.885791778564453,-17.220972061157227,8.799671173095703,0.8318394422531128,0.6547971963882446
SB71898_component_794a,20.248903,-16.962656,5.747000217437744,32.468929290771484,20.249134063720703,-16.962554931640625,5.023280620574951,1.453404426574707,1.1440731287002563
SB71898_component_797a,18.555096,-17.240712,5.794000148773193,34.90361785888672,18.555252075195312,-17.240447998046875,3.4074442386627197,2.160142660140991,1.7003947496414185
SB71898_component_798a,20.83441,-17.942261,5.4679999351501465,31.24571418762207,20.834529876708984,-17.942211151123047,6.960647106170654,0.9979564547538757,0.7855591177940369
SB71898_component_799a,18.831242,-18.587359,5.755000114440918,32.6988639831543,18.831390380859375,-18.58725357055664,9.3879976272583,0.7787625789642334,0.6130167841911316
SB71898_component_801a,22.884203,-16.995142,6.250999927520752,13.922048568725586,22.884166717529297,-16.99522590637207,8.568229675292969,0.9268108010292053,0.729555606842041
SB71898_component_804a,16.687315,-20.286778,5.229000091552734,20.346303939819336,16.687480926513672,-20.286571502685547,7.742044448852539,0.8580166697502136,0.6754029989242554
SB71898_component_808a,20.029051,-20.942518,5.741000175476074,22.691701889038086,20.029205322265625,-20.942506790161133,8.122685432434082,0.8978849053382874,0.7067859768867493
SB71898_component_810a,22.582486,-18.910731,6.256999969482422,16.29427146911621,22.582408905029297,-18.910938262939453,7.220573425292969,1.1008474826812744,0.8665516972541809
SB71898_component_813a,16.644644,-18.577669,5.638999938964844,17.901586532592773,16.644807815551758,-18.577516555786133,9.426772117614746,0.7599268555641174,0.5981898903846741
SB71898_component_815a,18.691948,-20.618506,5.460000038146973,26.764705657958984,18.692157745361328,-20.618629455566406,5.646307945251465,1.228459358215332,0.967003583908081
SB71898_component_817a,20.56874,-18.487171,5.994999885559082,31.88829803466797,20.56892967224121,-18.487146377563477,8.060175895690918,0.9448815584182739,0.743780255317688
SB71898_component_819a,18.416979,-17.82283,5.414999961853027,31.120689392089844,18.417112350463867,-17.822702407836914,8.55033016204834,0.8045411705970764,0.6333088874816895
SB71898_component_821a,17.670509,-16.770482,5.959000110626221,28.376192092895508,17.670581817626953,-16.770463943481445,5.299096584320068,1.4285789728164673,1.1245312690734863
SB71898_component_822a,19.321734,-17.879067,5.520999908447266,32.28654861450195,19.321922302246094,-17.878984451293945,8.500370979309082,0.8251113891601562,0.6495010256767273
SB71898_component_825a,19.745406,-19.784752,6.2210001945495605,32.570682525634766,19.745590209960938,-19.784589767456055,8.622264862060547,0.9165825247764587,0.7215042114257812
SB71898_component_826a,18.636538,-20.583178,5.381999969482422,26.0,18.63665771484375,-20.583255767822266,7.11654806137085,0.9607425928115845,0.7562655210494995
SB71898_component_827a,21.11184,-17.09503,6.158999919891357,34.027626037597656,21.111967086791992,-17.09495735168457,9.319947242736816,0.8395169377326965,0.660840630531311
SB71898_component_833a,16.811851,-20.673389,6.158999919891357,31.106060028076172,16.812116622924805,-20.673294067382812,7.593330383300781,1.0304112434387207,0.8111065626144409
SB71898_component_835a,21.527364,-20.087782,5.041999816894531,23.560747146606445,21.527591705322266,-20.087753295898438,7.674083232879639,0.8346589207649231,0.6570165753364563
SB71898_component_836a,18.994965,-20.922641,5.552999973297119,18.087947845458984,18.99505043029785,-20.92255210876465,7.6822638511657715,0.9182716012001038,0.7228338122367859
SB71898_component_837a,16.630524,-19.072953,5.578000068664551,24.901784896850586,16.630624771118164,-19.07290267944336,7.888647556304932,0.8982737064361572,0.7070920467376709
SB71898_component_838a,16.992581,-17.461144,5.166999816894531,26.634017944335938,16.992534637451172,-17.461091995239258,7.338557720184326,0.894459068775177,0.7040892839431763
SB71898_component_839a,18.643653,-21.093878,5.97599983215332,18.054380416870117,18.643821716308594,-21.093860626220703,8.686278343200684,0.8739962577819824,0.6879816055297852
SB71898_component_842a,19.265333,-16.072311,5.960000038146973,14.899999618530273,19.26532554626465,-16.072162628173828,8.936910629272461,0.8472109436988831,0.6668971180915833
SB71898_component_843a,16.959098,-17.453528,5.261000156402588,26.43718719482422,16.959136962890625,-17.453454971313477,5.686872482299805,1.1752426624298096,0.9251130819320679
SB71898_component_853a,22.677563,-16.464246,5.803999900817871,20.15277862548828,22.677474975585938,-16.46434783935547,7.203787803649902,1.0235267877578735,0.8056872487068176
SB71898_component_857a,19.011346,-21.152734,4.552000045776367,11.762273788452148,19.011531829833984,-21.152631759643555,4.566955089569092,1.2662172317504883,0.9967253804206848
SB71898_component_858a,19.118511,-20.602129,5.525000095367432,24.126638412475586,19.11853790283203,-20.602092742919922,8.143521308898926,0.8618918061256409,0.6784534454345703
SB71898_component_861a,17.431586,-19.496077,5.811999797821045,30.589473724365234,17.431705474853516,-19.49595069885254,8.54250431060791,0.8643170595169067,0.6803625226020813
SB71898_component_865a,17.779532,-19.960008,5.736999988555908,31.69613265991211,17.77958106994629,-19.959922790527344,8.581284523010254,0.8493080735206604,0.6685479283332825
SB71898_component_866a,20.738048,-20.785868,5.017000198364258,26.97311782836914,20.7382755279541,-20.785808563232422,6.786205291748047,0.9391821622848511,0.7392939329147339
SB71898_component_868a,16.495585,-20.968361,5.334000110626221,15.025352478027344,16.495891571044922,-20.96830177307129,6.180544376373291,1.0963746309280396,0.8630307912826538
SB71898_component_869a,21.634681,-18.608925,5.539999961853027,33.37349319458008,21.63496208190918,-18.608808517456055,7.4285888671875,0.9474060535430908,0.7457674741744995
SB71898_component_870a,20.784839,-16.841362,4.697999954223633,25.955801010131836,20.784984588623047,-16.841264724731445,7.606518745422363,0.7846207618713379,0.6176281571388245
SB71898_component_871a,19.400969,-16.935066,5.540999889373779,33.581817626953125,19.400997161865234,-16.935022354125977,6.240775108337402,1.1279305219650269,0.8878704905509949
SB71898_component_875a,19.901278,-19.017263,5.210999965667725,30.296510696411133,19.90140724182129,-19.017215728759766,5.748830795288086,1.1515272855758667,0.9064452052116394
SB71898_component_876a,21.199113,-16.620048,5.1539998054504395,26.56700897216797,21.19921112060547,-16.62002944946289,6.628047466278076,0.987851083278656,0.7776045203208923
SB71898_component_879a,20.033427,-18.911594,5.146999835968018,31.576684951782227,20.033493041992188,-18.91152572631836,6.7103376388549805,0.9744117259979248,0.7670254707336426
SB71898_component_880a,21.375222,-16.452994,4.9670000076293945,23.429244995117188,21.375225067138672,-16.452796936035156,5.525414943695068,1.1419892311096191,0.8989369869232178
SB71898_component_890a,22.638096,-19.249132,4.980000019073486,12.639594078063965,22.63819694519043,-19.249164581298828,6.699489593505859,0.9443225264549255,0.7433401942253113
SB71898_component_891a,17.537162,-20.541798,5.368000030517578,26.574256896972656,17.537277221679688,-20.541637420654297,7.461611270904541,0.9139293432235718,0.7194156646728516
SB71898_component_893a,21.450942,-17.344809,5.196000099182129,28.707183837890625,21.45100212097168,-17.344776153564453,6.10401725769043,1.0813994407653809,0.85124272108078
SB71898_component_896a,22.280008,-18.352545,5.201000213623047,27.088542938232422,22.280122756958008,-18.35263442993164,6.47108268737793,1.0210397243499756,0.8037295341491699
SB71898_component_897a,18.91825,-17.679389,5.38100004196167,32.029762268066406,18.918333053588867,-17.679288864135742,5.400869846343994,1.265703558921814,0.9963210225105286
SB71898_component_898a,19.939745,-17.972296,5.033999919891357,29.438594818115234,19.93987464904785,-17.972288131713867,6.776756286621094,0.9436784386634827,0.7428332567214966
SB71898_component_899a,21.713029,-19.454918,5.625999927520752,30.7431697845459,21.713356018066406,-19.454994201660156,6.028323173522949,1.185593843460083,0.9332611560821533
SB71898_component_901a,16.95978,-16.835621,5.114999771118164,17.3389835357666,16.95976448059082,-16.83559799194336,11.953556060791016,0.5436022281646729,0.4279061257839203
SB71898_component_903a,21.684903,-20.250906,4.933000087738037,26.37967872619629,21.68509292602539,-20.250905990600586,6.793598175048828,0.922452449798584,0.7261248230934143
SB71898_component_906a,19.742755,-18.204753,4.940000057220459,29.058822631835938,19.743043899536133,-18.20461654663086,6.024281024932861,1.0417282581329346,0.8200148940086365
SB71898_component_907a,18.38119,-18.015185,4.75,26.536312103271484,18.38138771057129,-18.014894485473633,6.985574722290039,0.8638218641281128,0.6799727082252502
SB71898_component_909a,19.429886,-19.421948,4.900000095367432,27.22222137451172,19.429899215698242,-19.42186737060547,6.901750087738037,0.9019232392311096,0.7099648714065552
SB71898_component_912a,21.828519,-21.14722,4.388000011444092,13.137724876403809,21.828798294067383,-21.14703369140625,5.657118320465088,0.9853807091712952,0.7756599187850952
SB71898_component_917a,21.576552,-20.618997,5.039999961853027,25.979379653930664,21.576805114746094,-20.61887550354004,7.965436935424805,0.8038104772567749,0.6327336430549622
SB71898_component_918a,17.207969,-16.41356,4.776000022888184,14.605504989624023,17.208126068115234,-16.41341781616211,7.208096981048584,0.8417370319366455,0.6625881791114807
SB71898_component_919a,17.566042,-19.520347,4.533999919891357,24.64130401611328,17.56607437133789,-19.520206451416016,6.791184425354004,0.8481422662734985,0.6676301956176758
SB71898_component_922a,19.545242,-19.241059,5.306000232696533,32.353660583496094,19.545522689819336,-19.241052627563477,5.868081092834473,1.1486927270889282,0.9042138457298279
SB71898_component_923a,21.579111,-18.801862,5.0970001220703125,30.33928680419922,21.57932472229004,-18.80184555053711,3.670933961868286,1.7638870477676392,1.3884750604629517
SB71898_component_926a,17.411997,-16.225658,5.326000213623047,14.472826957702637,17.412290573120117,-16.225505828857422,6.581399917602539,1.0280532836914062,0.8092503547668457
SB71898_component_927a,20.064654,-18.759442,4.984000205993652,29.84431266784668,20.06476593017578,-18.75932502746582,7.203521728515625,0.8789535164833069,0.6918838024139404
SB71898_component_928a,20.072315,-16.542975,4.728000164031982,22.62200927734375,20.072601318359375,-16.542888641357422,6.566543102264404,0.9146888256072998,0.7200135588645935
SB71898_component_931a,20.794119,-19.6508,5.11899995803833,27.374330520629883,20.79420280456543,-19.650781631469727,4.170881271362305,1.5591576099395752,1.227318525314331
SB71898_component_932a,19.31744,-19.875749,4.442999839782715,25.101694107055664,19.31760597229004,-19.8757266998291,4.174155235290527,1.3521983623504639,1.0644069910049438
SB71898_component_937a,16.433896,-20.79881,4.429999828338623,13.54740047454834,16.434005737304688,-20.798786163330078,6.997440338134766,0.8042613863945007,0.6330885887145996
SB71898_component_943a,17.615747,-17.987002,4.98199987411499,28.797687530517578,17.615943908691406,-17.986852645874023,8.038309097290039,0.7873570919036865,0.6197820901870728
SB71898_component_948a,22.666728,-19.827406,4.7210001945495605,18.734127044677734,22.66692543029785,-19.827407836914062,3.130918264389038,1.9155566692352295,1.5078643560409546
SB71898_component_951a,16.762444,-16.652252,4.607999801635742,10.378377914428711,16.76278305053711,-16.6521053314209,3.4682416915893555,1.6878576278686523,1.328627109527588
SB71898_component_954a,19.004928,-19.300066,4.797999858856201,28.903614044189453,19.00507354736328,-19.299957275390625,6.495141506195068,0.9384353160858154,0.7387059926986694
SB71898_component_957a,20.582817,-18.794068,4.88700008392334,29.263473510742188,20.582836151123047,-18.793920516967773,6.793004989624023,0.9139304161071777,0.7194165587425232
SB71898_component_958a,22.002104,-20.746804,4.624000072479248,21.211009979248047,22.002227783203125,-20.746692657470703,5.888941764831543,0.9975008964538574,0.7852005362510681
SB71898_component_963a,16.574108,-18.686565,4.445000171661377,14.526144981384277,16.574426651000977,-18.686508178710938,7.4196319580078125,0.7610657215118408,0.599086344242096
SB71898_component_964a,17.034577,-18.413463,4.543000221252441,21.130233764648438,17.03481101989746,-18.41327667236328,4.688520908355713,1.230947732925415,0.9689623713493347
SB71898_component_966a,20.821059,-16.238599,4.313000202178955,14.048860549926758,20.821081161499023,-16.238435745239258,6.7053961753845215,0.8171235918998718,0.6432133316993713
SB71898_component_968a,16.907748,-19.252466,4.706999778747559,24.643978118896484,16.907825469970703,-19.25245475769043,4.71217155456543,1.268983006477356,0.998902440071106
SB71898_component_970a,17.830722,-16.448683,4.297999858856201,18.93391990661621,17.830839157104492,-16.44849395751953,6.57996129989624,0.829804539680481,0.653195321559906
SB71898_component_974a,18.699809,-16.875364,4.232999801635742,23.131147384643555,18.69980239868164,-16.87518882751465,3.7267558574676514,1.4429457187652588,1.1358404159545898
SB71898_component_975a,17.683549,-18.22218,4.539000034332275,25.78977394104004,17.683752059936523,-18.222026824951172,6.363630294799805,0.9061247110366821,0.7132720947265625
SB71898_component_977a,22.366591,-17.865533,5.077000141143799,21.42194175720215,22.366777420043945,-17.865459442138672,4.865612983703613,1.3255689144134521,1.043445110321045
SB71898_component_978a,20.459687,-17.810796,4.421000003814697,24.56110954284668,20.459829330444336,-17.810680389404297,5.18206787109375,1.083802580833435,0.8531343340873718
SB71898_component_979a,19.378254,-19.779921,4.107999801635742,24.59880256652832,19.37858009338379,-19.779939651489258,4.775019645690918,1.0929189920425415,0.8603105545043945
SB71898_component_983a,16.731427,-17.751422,4.791999816894531,19.63934326171875,16.73164176940918,-17.751192092895508,6.101930141448975,0.9976593255996704,0.7853252291679382
SB71898_component_991a,21.931095,-19.988726,4.313000202178955,19.875577926635742,21.93130111694336,-19.988710403442383,5.347281455993652,1.024658441543579,0.8065780997276306
SB71898_component_992a,20.990331,-20.398353,4.603000164031982,24.614973068237305,20.990488052368164,-20.398305892944336,7.276538848876953,0.8036165237426758,0.6325809955596924
SB71898_component_997a,21.133447,-17.615072,4.793000221252441,28.19411849975586,21.13355827331543,-17.614910125732422,5.7255353927612305,1.0634671449661255,0.8371269702911377
SB71898_component_1003a,20.915267,-19.561063,4.460999965667725,23.728723526000977,20.915624618530273,-19.56085205078125,4.95615291595459,1.1434581279754639,0.9000932574272156
SB71898_component_1004a,17.527984,-20.355235,4.396999835968018,20.643192291259766,17.528186798095703,-20.35518455505371,7.1896233558654785,0.7769320011138916,0.6115758419036865
SB71898_component_1005a,20.715014,-19.706359,4.605000019073486,27.740964889526367,20.71514892578125,-19.70612907409668,7.6201653480529785,0.767711341381073,0.6043176054954529
SB71898_component_1006a,22.702255,-20.385416,4.251999855041504,10.004705429077148,22.702302932739258,-20.38532829284668,4.591068267822266,1.1765549182891846,0.9261460900306702
SB71898_component_1007a,17.750455,-19.220879,4.679999828338623,28.02395248413086,17.75043487548828,-19.220706939697266,4.984201908111572,1.1928420066833496,0.9389667510986328
SB71898_component_1008a,21.351843,-18.5135,4.439000129699707,26.580839157104492,21.352025985717773,-18.513347625732422,5.737457275390625,0.9828752875328064,0.7736877202987671
SB71898_component_1009a,17.05708,-19.398453,4.2230000495910645,20.302885055541992,17.057126998901367,-19.398317337036133,6.3671088218688965,0.8425807952880859,0.6632523536682129
SB71898_component_1014a,18.94653,-18.06987,4.242000102996826,26.512500762939453,18.946752548217773,-18.069801330566406,5.588033199310303,0.9643716216087341,0.7591221928596497
SB71898_component_1026a,18.919052,-17.275874,4.270999908447266,25.57485008239746,18.919212341308594,-17.275632858276367,5.728646278381348,0.9471314549446106,0.745551347732544
SB71898_component_1030a,18.012028,-17.382847,4.229000091552734,24.445087432861328,18.012062072753906,-17.383014678955078,3.831138849258423,1.4023051261901855,1.1038492918014526
SB71898_component_1033a,20.866571,-16.298669,4.179999828338623,14.51388931274414,20.866565704345703,-16.29869270324707,6.29665994644165,0.8433322906494141,0.6638439893722534
SB71898_component_1035a,17.705617,-17.619963,4.4730000495910645,25.27118682861328,17.705646514892578,-17.619823455810547,6.542797565460205,0.8684966564178467,0.6836525201797485
SB71898_component_1042a,19.220559,-17.432516,3.8949999809265137,22.91176414489746,19.22064208984375,-17.43230628967285,4.380799770355225,1.129501461982727,0.8891070485115051
SB71898_component_1044a,20.631828,-16.960721,3.9739999771118164,22.839080810546875,20.632001876831055,-16.960508346557617,3.6233911514282227,1.393302321434021,1.0967626571655273
SB71898_component_1045a,20.272366,-17.377584,3.8550000190734863,21.903409957885742,20.272493362426758,-17.377666473388672,6.207076549530029,0.7889873385429382,0.6210653185844421
SB71898_component_1046a,19.597599,-16.79258,4.047999858856201,20.865978240966797,19.597719192504883,-16.79255485534668,6.353254318237305,0.8094256520271301,0.6371537446975708
SB71898_component_1051a,19.69995,-18.375767,4.420000076293945,24.83146095275879,19.700172424316406,-18.375694274902344,6.117414474487305,0.91788250207901,0.7225275039672852
SB71898_component_1052a,16.97801,-19.647329,4.258999824523926,17.970462799072266,16.97816276550293,-19.647144317626953,6.247250556945801,0.8660668730735779,0.681739866733551
SB71898_component_1059a,21.860724,-17.564882,4.308000087738037,23.037433624267578,21.86075210571289,-17.56496810913086,4.6857709884643555,1.167958378791809,0.9193791151046753
SB71898_component_1060a,20.744341,-18.608135,4.264999866485596,21.984535217285156,20.744537353515625,-18.60797691345215,7.086733341217041,0.7645495533943176,0.6018287539482117
SB71898_component_1062a,20.379464,-17.024406,4.160999774932861,24.476469039916992,20.379467010498047,-17.024261474609375,5.565762996673584,0.9497421383857727,0.7476063370704651
SB71898_component_1064a,17.856491,-18.383489,4.289999961853027,24.65517234802246,17.85658073425293,-18.38313865661621,2.7201316356658936,2.003549575805664,1.5771294832229614
SB71898_component_1070a,17.177873,-17.854546,4.126999855041504,20.738693237304688,17.177705764770508,-17.854427337646484,4.755836009979248,1.1024028062820435,0.8677759170532227
SB71898_component_1073a,17.240462,-19.653284,3.872999906539917,18.62019157409668,17.240659713745117,-19.65315818786621,5.059992790222168,0.9723672270774841,0.7654160857200623
SB71898_component_1076a,17.355645,-16.651549,4.329999923706055,20.233644485473633,17.355602264404297,-16.65144920349121,4.815494537353516,1.1422988176345825,0.8991807103157043
SB71898_component_1077a,20.068157,-18.794771,3.802000045776367,23.325153350830078,20.06839942932129,-18.79469871520996,5.133199214935303,0.9409286379814148,0.7406687140464783
SB71898_component_1078a,20.080847,-20.042908,3.752000093460083,21.56321907043457,20.080930709838867,-20.042890548706055,4.752213954925537,1.0029969215393066,0.7895267605781555
SB71898_component_1079a,16.766721,-20.555167,4.276000022888184,20.45932960510254,16.76702308654785,-20.555051803588867,5.585638999938965,0.9725177884101868,0.7655346393585205
SB71898_component_1081a,20.03528,-18.147322,4.1519999504089355,23.7257137298584,20.035377502441406,-18.14730453491211,5.477284908294678,0.9629965424537659,0.7580397725105286
SB71898_component_1082a,19.244765,-17.67672,3.6419999599456787,19.901639938354492,19.24491310119629,-17.676761627197266,5.492279529571533,0.8424032330513,0.6631126403808594
SB71898_component_1086a,21.671628,-19.338783,3.8550000190734863,21.181318283081055,21.671855926513672,-19.338733673095703,6.20751428604126,0.788931667804718,0.6210215091705322
SB71898_component_1087a,22.394899,-17.976336,3.8359999656677246,19.084575653076172,22.395050048828125,-17.976329803466797,5.787107944488525,0.8420729637145996,0.6628526449203491
SB71898_component_1089a,21.958935,-18.219501,3.6080000400543213,20.384180068969727,21.959007263183594,-18.2194881439209,6.215550899505615,0.7374280095100403,0.5804795026779175
SB71898_component_1090a,17.313398,-16.964742,3.5280001163482666,17.20975685119629,17.31342124938965,-16.96457862854004,5.240859031677246,0.8551825881004333,0.673172116279602
SB71898_component_1091a,20.960856,-19.563667,3.928999900817871,21.94972038269043,20.961143493652344,-19.563642501831055,5.87608003616333,0.8494288921356201,0.6686429977416992
SB71898_component_1092a,19.170478,-16.59922,4.011000156402588,21.22222328186035,19.17059898376465,-16.59907341003418,5.409385681152344,0.9419708251953125,0.741489052772522
SB71898_component_1094a,21.526866,-17.621074,3.38700008392334,19.13559341430664,21.527042388916016,-17.620895385742188,4.498120307922363,0.9565702676773071,0.7529811859130859
SB71898_component_1095a,19.471103,-20.072632,3.9149999618530273,22.89473533630371,19.47123146057129,-20.072669982910156,5.382646083831787,0.923992931842804,0.7273374199867249
SB71898_component_1096a,20.512577,-17.489228,3.763000011444092,21.02234649658203,20.51272201538086,-17.489282608032227,4.601437091827393,1.038899302482605,0.8177880048751831
SB71898_component_1102a,18.772031,-16.413832,3.565999984741211,14.796680450439453,18.772113800048828,-16.41370964050293,6.316442012786865,0.7172020673751831,0.5645583271980286
SB71898_component_1107a,19.261138,-19.224871,3.6610000133514404,22.323169708251953,19.261167526245117,-19.224767684936523,6.512449741363525,0.714147686958313,0.5621540546417236
SB71898_component_1114a,20.312318,-17.587658,3.757999897003174,21.848834991455078,20.312402725219727,-17.587675094604492,5.170793056488037,0.9232776165008545,0.7267743945121765
SB71898_component_1115a,18.601304,-16.070936,4.03000020980835,11.010930061340332,18.60159683227539,-16.070880889892578,5.9478559494018555,0.860750675201416,0.6775550842285156
SB71898_component_1119a,20.493759,-19.984819,3.859999895095825,23.536584854125977,20.493989944458008,-19.984743118286133,6.739486217498779,0.7276008725166321,0.5727439522743225
SB71898_component_1120a,20.45827,-18.077978,3.444000005722046,19.79310417175293,20.458660125732422,-18.078006744384766,4.6302008628845215,0.944922149181366,0.7438122034072876
SB71898_component_1122a,20.409206,-18.996987,3.884999990463257,21.0,20.409339904785156,-18.996898651123047,4.765955448150635,1.035556435585022,0.8151565790176392
SB71898_component_1130a,18.494159,-19.607056,3.890000104904175,23.293415069580078,18.494186401367188,-19.607070922851562,5.54983377456665,0.8904352784156799,0.700921893119812
SB71898_component_1132a,20.307902,-18.909296,3.5480000972747803,21.634145736694336,20.30815315246582,-18.909170150756836,4.649191379547119,0.9694800972938538,0.7631434798240662
SB71898_component_1134a,18.398869,-16.563179,3.49399995803833,17.38308334350586,18.398902893066406,-16.56300926208496,3.5596060752868652,1.246963381767273,0.9815692901611328
SB71898_component_1141a,21.617482,-19.364331,3.4100000858306885,18.736265182495117,21.61790657043457,-19.364145278930664,2.720524787902832,1.5923349857330322,1.253434658050537
SB71898_component_1148a,19.523031,-16.830837,3.872999906539917,21.516664505004883,19.523183822631836,-16.83097267150879,2.431577205657959,2.0234484672546387,1.592793345451355
SB71898_component_1152a,16.631042,-18.987375,3.821000099182129,17.211711883544922,16.631025314331055,-18.987241744995117,4.586630344390869,1.0583176612854004,0.8330734968185425
SB71898_component_1156a,20.542526,-17.138422,3.305000066757202,17.961956024169922,20.542518615722656,-17.138389587402344,3.974637508392334,1.056347131729126,0.8315224051475525
SB71898_component_1158a,20.636203,-20.730417,3.372999906539917,17.659685134887695,20.636465072631836,-20.730276107788086,4.978579998016357,0.8606836795806885,0.6775023937225342
SB71898_component_1160a,21.378181,-19.656343,3.7209999561309814,20.67222023010254,21.378360748291016,-19.656143188476562,5.449486255645752,0.8674347996711731,0.6828166246414185
SB71898_component_1161a,18.472103,-17.715998,3.486999988555908,21.392637252807617,18.472122192382812,-17.715839385986328,3.1913509368896484,1.3880659341812134,1.09264075756073
SB71898_component_1162a,19.663866,-19.024463,3.5220000743865967,20.24138069152832,19.664024353027344,-19.02446746826172,5.2030110359191895,0.8599383234977722,0.6769157648086548
SB71898_component_1164a,18.669518,-17.225801,3.572999954223633,19.849998474121094,18.669815063476562,-17.225688934326172,3.4464104175567627,1.3170393705368042,1.0367308855056763
SB71898_component_1167a,18.173297,-16.996479,3.374000072479248,17.851852416992188,18.173419952392578,-16.996450424194336,5.1468825340271,0.8327862620353699,0.6555424928665161
SB71898_component_1171a,17.21481,-17.378507,3.322000026702881,16.862943649291992,17.21468734741211,-17.378311157226562,5.4620513916015625,0.7726389169692993,0.6081963777542114
SB71898_component_1174a,17.395404,-16.949559,3.815000057220459,18.341346740722656,17.395524978637695,-16.949527740478516,5.032862186431885,0.9629688262939453,0.7580179572105408
SB71898_component_1178a,20.322069,-18.979058,3.6050000190734863,20.482954025268555,20.322322845458984,-18.97879409790039,4.779904842376709,0.9581174254417419,0.7541991472244263
SB71898_component_1183a,17.772113,-19.830221,3.0420000553131104,17.789474487304688,17.772192001342773,-19.830339431762695,4.773196697235107,0.809622585773468,0.6373087763786316
SB71898_component_1184a,20.250678,-16.68074,3.2909998893737793,19.13372039794922,20.25066375732422,-16.68071746826172,5.300629138946533,0.7887386679649353,0.6208696961402893
SB71898_component_1186a,21.158507,-18.339976,3.1449999809265137,19.176828384399414,21.158620834350586,-18.33987808227539,5.405363082885742,0.7391430735588074,0.5818295478820801
SB71898_component_1187a,18.863553,-18.245703,3.805000066757202,21.497175216674805,18.863828659057617,-18.245452880859375,4.730661869049072,1.021799087524414,0.8043271899223328
SB71898_component_1193a,17.303563,-19.99155,3.632999897003174,18.921875,17.30375099182129,-19.99137306213379,4.508022308349609,1.0237927436828613,0.8058966398239136
SB71898_component_1196a,18.931094,-17.137256,3.1089999675750732,18.28823471069336,18.931337356567383,-17.137100219726562,3.663496732711792,1.0780965089797974,0.8486427664756775
SB71898_component_1199a,22.459423,-17.064135,3.3910000324249268,14.247899055480957,22.4596004486084,-17.064374923706055,4.276366710662842,1.0073620080947876,0.7929628491401672
SB71898_component_1203a,19.069337,-20.011409,3.4170000553131104,18.47027015686035,19.069393157958984,-20.011470794677734,2.234344959259033,1.942797303199768,1.529307246208191
SB71898_component_1206a,22.607601,-20.034778,3.312999963760376,12.992156982421875,22.607803344726562,-20.03482437133789,4.540709018707275,0.9268949031829834,0.7296217083930969
SB71898_component_1216a,20.43576,-17.165726,3.2950000762939453,17.62032127380371,20.436105728149414,-17.165735244750977,4.835361957550049,0.8656835556030273,0.681438148021698
SB71898_component_1218a,16.821472,-20.295343,3.265000104904175,13.893617630004883,16.82162857055664,-20.29530143737793,5.660272121429443,0.7327884435653687,0.5768274068832397
SB71898_component_1219a,18.073426,-19.792314,3.7049999237060547,21.66666603088379,18.073514938354492,-19.792247772216797,3.32857084274292,1.4140446186065674,1.1130902767181396
SB71898_component_1221a,21.759913,-16.993991,3.5250000953674316,17.625,21.760005950927734,-16.9938907623291,4.595534324645996,0.9744415879249573,0.7670490145683289
SB71898_component_1223a,22.258521,-19.367896,3.7699999809265137,17.21461296081543,22.258895874023438,-19.367511749267578,5.768521785736084,0.8302512168884277,0.6535469889640808
SB71898_component_1227a,16.974063,-17.908315,3.2269999980926514,14.215859413146973,16.974002838134766,-17.908287048339844,6.250792503356934,0.6558380722999573,0.5162545442581177
SB71898_component_1229a,17.547388,-20.89143,3.316999912261963,13.375,17.5477294921875,-20.89142608642578,2.18855881690979,1.9253956079483032,1.5156092643737793
SB71898_component_1232a,20.016993,-18.578297,3.2230000495910645,19.53333282470703,20.017333984375,-18.578168869018555,3.0974912643432617,1.321852445602417,1.0405194759368896
SB71898_component_1233a,20.562872,-20.320639,3.7339999675750732,19.967912673950195,20.563060760498047,-20.32048225402832,4.914763927459717,0.965171217918396,0.7597516179084778
SB71898_component_1238a,19.997339,-17.966091,3.4820001125335693,21.49382781982422,19.997690200805664,-17.96603775024414,4.2912702560424805,1.030802845954895,0.8114147782325745
SB71898_component_1239a,20.649533,-18.775915,3.2049999237060547,18.964496612548828,20.649898529052734,-18.775768280029297,3.110060930252075,1.3091572523117065,1.0305263996124268
SB71898_component_1240a,19.12428,-17.387153,3.6449999809265137,21.44117546081543,19.124378204345703,-17.386999130249023,5.255984306335449,0.8810006380081177,0.6934952139854431
SB71898_component_1241a,20.059832,-18.729586,3.072999954223633,17.86627769470215,20.059911727905273,-18.72953987121582,4.435563087463379,0.8801293969154358,0.6928094625473022
SB71898_component_1242a,20.236136,-19.472166,3.1760001182556152,17.943504333496094,20.236326217651367,-19.47213363647461,4.363907337188721,0.9245655536651611,0.7277881503105164
SB71898_component_1243a,18.271699,-18.267366,3.2009999752044678,19.518291473388672,18.27191925048828,-18.26698875427246,3.7070751190185547,1.0969504117965698,0.8634839653968811
SB71898_component_1248a,19.700029,-17.21542,3.3420000076293945,18.566665649414062,19.700063705444336,-17.21538734436035,4.861485481262207,0.8733135461807251,0.6874442100524902
SB71898_component_1251a,17.067163,-18.817776,3.2260000705718994,17.72527503967285,17.067306518554688,-18.817548751831055,4.198073387145996,0.976218581199646,0.768447756767273
SB71898_component_1252a,19.167308,-18.887172,3.062999963760376,17.40340805053711,19.167543411254883,-18.88722038269043,1.967736005783081,1.9774835109710693,1.556611180305481
SB71898_component_1256a,21.802838,-17.886699,3.2279999256134033,18.34090805053711,21.802852630615234,-17.886653900146484,4.820394039154053,0.8507142066955566,0.6696547865867615
SB71898_component_1267a,18.668723,-20.859702,3.0160000324249268,12.779661178588867,18.668699264526367,-20.859769821166992,5.394686698913574,0.7102280259132385,0.5590686202049255
SB71898_component_1268a,20.22798,-18.938977,2.9779999256134033,17.11494255065918,20.228252410888672,-18.938995361328125,4.638558864593506,0.8155946135520935,0.6420097351074219
SB71898_component_1271a,18.592114,-18.403479,3.507999897003174,22.202529907226562,18.59209632873535,-18.40357780456543,5.016324520111084,0.888396143913269,0.6993167996406555
SB71898_component_1272a,17.348483,-19.927712,3.36899995803833,17.455957412719727,17.34848976135254,-19.927650451660156,4.953103065490723,0.864084780216217,0.6801796555519104
SB71898_component_1279a,19.034252,-20.505619,3.140000104904175,15.858586311340332,19.034364700317383,-20.505901336669922,2.625591278076172,1.5192710161209106,1.1959211826324463
SB71898_component_1282a,18.777745,-20.279772,2.996999979019165,15.85714340209961,18.77815055847168,-20.27970314025879,3.8204867839813232,0.9965538382530212,0.7844550013542175
SB71898_component_1284a,20.222413,-17.492647,2.992000102996826,16.1729736328125,20.22249412536621,-17.492603302001953,3.6768171787261963,1.0337661504745483,0.8137472867965698
SB71898_component_1287a,18.557331,-20.518414,3.253000020980835,16.854921340942383,18.557788848876953,-20.51845359802246,3.362574577331543,1.2289801836013794,0.9674134850502014
SB71898_component_1291a,20.72353,-20.853236,3.117000102996826,14.633803367614746,20.723737716674805,-20.85332489013672,4.425333499908447,0.8947949409484863,0.7043536901473999
SB71898_component_1292a,21.804982,-20.691852,3.177999973297119,17.366119384765625,21.805198669433594,-20.691617965698242,4.374533653259277,0.9229004383087158,0.7264774441719055
SB71898_component_1294a,21.626064,-18.036669,3.197999954223633,18.2742862701416,21.62617301940918,-18.03669548034668,4.29135274887085,0.9467099905014038,0.7452195286750793
SB71898_component_1297a,17.001581,-17.64135,3.3989999294281006,17.611398696899414,17.00171661376953,-17.641267776489258,4.694976329803467,0.9197090864181519,0.7239652872085571
SB71898_component_1300a,20.835583,-16.759918,3.1630001068115234,17.0053768157959,20.835670471191406,-16.7597599029541,2.933199882507324,1.3699043989181519,1.0783445835113525
SB71898_component_1301a,21.160624,-16.295253,3.2960000038146973,13.079364776611328,21.16086196899414,-16.29524040222168,4.768136501312256,0.8781551718711853,0.6912553906440735
SB71898_component_1302a,17.460991,-17.318473,3.0190000534057617,15.642486572265625,17.461015701293945,-17.31840705871582,3.5945286750793457,1.0669740438461304,0.8398876190185547
SB71898_component_1305a,20.386349,-17.303426,3.0460000038146973,17.30681800842285,20.38662338256836,-17.303306579589844,5.023141860961914,0.7703484296798706,0.6063933968544006
SB71898_component_1306a,21.044819,-17.009216,2.9700000286102295,16.054054260253906,21.044771194458008,-17.009220123291016,5.235873222351074,0.7206096053123474,0.5672406554222107
SB71898_component_1307a,21.818731,-19.944301,3.118000030517578,13.55652141571045,21.81889533996582,-19.94412612915039,3.9530537128448486,1.0020194053649902,0.78875732421875
SB71898_component_1308a,22.039601,-20.298741,3.244999885559082,14.885320663452148,22.039552688598633,-20.298826217651367,3.3088083267211914,1.24587881565094,0.9807155728340149
SB71898_component_1318a,18.629024,-20.285012,3.2070000171661377,16.27918815612793,18.629154205322266,-20.285120010375977,4.608585834503174,0.8840238451957703,0.6958750486373901
SB71898_component_1321a,17.519611,-19.453344,3.328000068664551,17.154638290405273,17.51959800720215,-19.453210830688477,3.270570755004883,1.2926844358444214,1.0175594091415405
SB71898_component_1326a,19.482246,-18.178893,3.0220000743865967,19.2484073638916,19.482372283935547,-18.17875862121582,5.519678115844727,0.695526123046875,0.5474957227706909
SB71898_component_1327a,19.155002,-20.011156,3.055999994277954,16.88397789001465,19.155046463012695,-20.0111026763916,4.329967498779297,0.8966055512428284,0.705778956413269
SB71898_component_1329a,17.548758,-18.292411,2.9040000438690186,16.689655303955078,17.548938751220703,-18.292144775390625,4.904606819152832,0.7521858215332031,0.5920963883399963
SB71898_component_1337a,20.168287,-19.18741,2.8570001125335693,17.968555450439453,20.1683349609375,-19.187301635742188,4.692059516906738,0.7735341191291809,0.6089010834693909
SB71898_component_1342a,21.744533,-20.099495,2.558000087738037,13.253886222839355,21.744625091552734,-20.099594116210938,3.4550602436065674,0.9405407905578613,0.740363359451294
SB71898_component_1343a,21.511146,-19.801323,2.934999942779541,16.676136016845703,21.511627197265625,-19.801164627075195,4.22257137298584,0.8830063343048096,0.6950740814208984
SB71898_component_1348a,20.322568,-19.726365,2.878999948501587,17.035503387451172,20.32282066345215,-19.72613525390625,4.135005474090576,0.8845009207725525,0.6962505578994751
SB71898_component_1351a,20.636697,-19.477166,2.921999931335449,17.087718963623047,20.636445999145508,-19.477035522460938,2.830833911895752,1.3112893104553223,1.0322046279907227
SB71898_component_1352a,18.197749,-16.806661,3.134999990463257,15.218446731567383,18.19798469543457,-16.806472778320312,3.8033275604248047,1.0471442937850952,0.8242781758308411
SB71898_component_1356a,18.370173,-20.811447,2.625999927520752,11.882352828979492,18.370485305786133,-20.81144905090332,3.7741940021514893,0.8839001655578613,0.6957776546478271
SB71898_component_1360a,17.096543,-20.818427,2.700000047683716,13.366336822509766,17.096879959106445,-20.818485260009766,3.6775729656219482,0.9326854348182678,0.7341798543930054
SB71898_component_1361a,20.147014,-16.473381,2.5460000038146973,12.729999542236328,20.147382736206055,-16.47330665588379,4.032864570617676,0.8020057678222656,0.6313130259513855
SB71898_component_1365a,22.180755,-17.478392,2.8350000381469727,11.8125,22.181062698364258,-17.478443145751953,4.487192153930664,0.8026220798492432,0.6317982077598572
SB71898_component_1367a,18.757844,-20.990712,3.132999897003174,11.867424011230469,18.758163452148438,-20.99069595336914,3.3383333683013916,1.1922391653060913,0.9384922385215759
SB71898_component_1368a,18.952993,-19.986797,2.5409998893737793,13.09793758392334,18.953022003173828,-19.986774444580078,2.9713006019592285,1.0864025354385376,0.8551810383796692
SB71898_component_1370a,18.951341,-18.704036,2.941999912261963,17.83030128479004,18.95157814025879,-18.703834533691406,3.2724435329437256,1.1420974731445312,0.8990223407745361
SB71898_component_1373a,18.594389,-17.593667,3.0390000343322754,17.267045974731445,18.59454345703125,-17.59354019165039,4.41549825668335,0.8743467330932617,0.6882575750350952
SB71898_component_1377a,20.77779,-16.299077,2.752000093460083,10.19259262084961,20.778066635131836,-16.298887252807617,2.1140449047088623,1.6537389755249023,1.3017699718475342
SB71898_component_1379a,20.094756,-20.404418,2.9790000915527344,18.05454444885254,20.094928741455078,-20.4042911529541,3.9620492458343506,0.9551759362220764,0.7518836855888367
SB71898_component_1380a,21.972754,-16.749977,2.6010000705718994,11.663677215576172,21.972686767578125,-16.750194549560547,2.730328321456909,1.210202932357788,0.9526327252388
SB71898_component_1381a,18.932904,-17.639454,2.6659998893737793,15.964071273803711,18.933420181274414,-17.639326095581055,1.9576596021652222,1.7300381660461426,1.3618301153182983
SB71898_component_1382a,20.696939,-17.424763,3.0450000762939453,17.703487396240234,20.697080612182617,-17.42477798461914,2.915867328643799,1.3266375064849854,1.0442862510681152
SB71898_component_1383a,16.756622,-20.674837,2.7920000553131104,14.1010103225708,16.756839752197266,-20.674943923950195,3.7659082412719727,0.9418427348136902,0.7413882613182068
SB71898_component_1386a,21.648613,-18.210294,2.684999942779541,14.999999046325684,21.648765563964844,-18.210290908813477,4.1211466789245605,0.8276733160018921,0.6515176892280579
SB71898_component_1391a,18.256784,-18.37964,2.8589999675750732,16.526012420654297,18.257219314575195,-18.379329681396484,3.1026203632354736,1.170626163482666,0.9214791655540466
SB71898_component_1393a,22.130609,-18.141012,2.50600004196167,14.078651428222656,22.13074493408203,-18.140701293945312,3.9230008125305176,0.81151282787323,0.6387967467308044
SB71898_component_1394a,18.707187,-17.40637,2.9690001010894775,17.778444290161133,18.707408905029297,-17.406362533569336,4.242109298706055,0.889121413230896,0.6998876929283142
SB71898_component_1406a,18.454291,-18.798951,3.059999942779541,18.0,18.454423904418945,-18.79873275756836,3.765796661376953,1.0322794914245605,0.8125770688056946
SB71898_component_1408a,20.358456,-19.227148,2.4619998931884766,13.988636016845703,20.35854148864746,-19.227014541625977,3.483617067337036,0.8978222012519836,0.70673668384552
SB71898_component_1413a,18.613385,-16.797237,3.052000045776367,17.95294189453125,18.613542556762695,-16.79722785949707,4.1862921714782715,0.9261636137962341,0.729046106338501
SB71898_component_1414a,21.200552,-20.500239,2.6659998893737793,14.648351669311523,21.20086669921875,-20.50008773803711,4.52338171005249,0.7487375140190125,0.5893820524215698
SB71898_component_1415a,17.312082,-19.851745,2.634999990463257,14.015957832336426,17.31229019165039,-19.851707458496094,3.288123607635498,1.0180408954620361,0.8013688921928406
SB71898_component_1419a,17.030071,-17.817154,2.9179999828338623,14.165048599243164,17.030048370361328,-17.817106246948242,4.615854740142822,0.8030930161476135,0.6321689486503601
SB71898_component_1421a,21.349031,-20.462769,3.0859999656677246,16.956043243408203,21.349225997924805,-20.462594985961914,4.04332971572876,0.9695930480957031,0.7632323503494263
SB71898_component_1432a,18.082583,-20.173058,2.697000026702881,15.680232048034668,18.082775115966797,-20.172990798950195,3.3125393390655518,1.034314513206482,0.814179003238678
SB71898_component_1438a,20.529577,-18.937088,2.7880001068115234,16.497041702270508,20.529802322387695,-18.93709373474121,4.269134521484375,0.8296323418617249,0.6530597805976868
SB71898_component_1439a,21.650623,-17.241399,2.5940001010894775,14.252748489379883,21.65064811706543,-17.24125862121582,3.883988618850708,0.8484470844268799,0.6678701639175415
SB71898_component_1451a,20.129009,-17.33974,2.6630001068115234,15.304598808288574,20.129047393798828,-17.339765548706055,3.7934072017669678,0.8918142914772034,0.7020074725151062
SB71898_component_1452a,19.934773,-16.715893,2.5959999561309814,13.882351875305176,19.935075759887695,-16.715662002563477,2.575916290283203,1.2802820205688477,1.0077967643737793
SB71898_component_1455a,21.541278,-17.73647,2.7239999771118164,16.118343353271484,21.54136085510254,-17.736419677734375,2.8951852321624756,1.1952629089355469,0.9408724308013916
SB71898_component_1460a,17.627928,-20.371114,2.361999988555908,11.869346618652344,17.62811851501465,-20.371047973632812,3.0041136741638184,0.9988407492637634,0.7862551808357239
SB71898_component_1461a,17.003368,-17.096067,2.742000102996826,12.995261192321777,17.003292083740234,-17.096017837524414,4.257430553436279,0.8181870579719543,0.6440504789352417
SB71898_component_1465a,16.723229,-20.706312,2.690000057220459,13.316831588745117,16.723648071289062,-20.70631980895996,4.317364692687988,0.7915279865264893,0.6230652928352356
SB71898_component_1470a,16.781081,-20.838691,2.6519999504089355,11.14285659790039,16.781278610229492,-20.83877182006836,3.479581832885742,0.9682313799858093,0.7621605396270752
SB71898_component_1473a,21.518101,-20.532161,2.6600000858306885,15.287357330322266,21.518470764160156,-20.531991958618164,4.196615219116211,0.8052211999893188,0.6338441967964172
SB71898_component_1477a,18.2223,-19.400092,2.7039999961853027,14.939227104187012,18.222455978393555,-19.399873733520508,3.256131410598755,1.0549635887145996,0.8304333090782166
SB71898_component_1478a,21.503024,-20.285092,2.818000078201294,14.01990032196045,21.503456115722656,-20.285072326660156,4.065984725952148,0.8804566264152527,0.6930670738220215
SB71898_component_1481a,17.37831,-19.990996,2.7019999027252197,13.71573543548584,17.378461837768555,-19.991044998168945,3.272341251373291,1.0489612817764282,0.8257084488868713
SB71898_component_1490a,21.503772,-17.225757,2.2860000133514404,11.968586921691895,21.503948211669922,-17.225553512573242,2.788536548614502,1.0414360761642456,0.8197848200798035
SB71898_component_1492a,21.322119,-18.804433,2.306999921798706,13.107954025268555,21.322141647338867,-18.804243087768555,3.7828335762023926,0.7747526168823242,0.6098603010177612
SB71898_component_1497a,21.397174,-18.63798,2.194000005722046,12.188888549804688,21.397506713867188,-18.637798309326172,3.0880861282348633,0.9025680422782898,0.7104724049568176
SB71898_component_1499a,20.55623,-20.185327,2.5209999084472656,14.74268913269043,20.55630874633789,-20.18523597717285,3.3843910694122314,0.9462916254997253,0.7448902726173401
SB71898_component_1500a,19.255824,-17.538542,2.506999969482422,13.850829124450684,19.256183624267578,-17.538480758666992,2.6655194759368896,1.1948274374008179,0.9405295848846436
SB71898_component_1504a,21.35928,-18.576195,2.3410000801086426,14.017965316772461,21.359315872192383,-18.576292037963867,2.0192322731018066,1.4728139638900757,1.1593515872955322
SB71898_component_1511a,19.582467,-18.393384,2.2820000648498535,13.3450288772583,19.582660675048828,-18.393274307250977,3.3264451026916504,0.8715012669563293,0.686017632484436
SB71898_component_1512a,17.319112,-17.266708,2.427999973297119,12.262626647949219,17.31903076171875,-17.266855239868164,3.179154634475708,0.9702188968658447,0.7637250423431396
SB71898_component_1516a,19.928702,-20.02151,2.1500000953674316,11.621622085571289,19.929059982299805,-20.021583557128906,2.7274363040924072,1.0014207363128662,0.7882860898971558
SB71898_component_1520a,18.387677,-16.406443,2.7070000171661377,12.193693161010742,18.387798309326172,-16.4063720703125,1.9322624206542969,1.7797331809997559,1.400948405265808
SB71898_component_1521a,21.483951,-17.245401,2.555000066757202,14.517045974731445,21.48394775390625,-17.245189666748047,2.5090789794921875,1.2936276197433472,1.0183019638061523
SB71898_component_1522a,19.685809,-19.047668,1.9900000095367432,10.815217018127441,19.685970306396484,-19.04734230041504,2.731962203979492,0.9253608584403992,0.7284141778945923
SB71898_component_1530a,20.6519,-19.189435,2.4560000896453857,14.884848594665527,20.65218734741211,-19.189210891723633,4.064062595367432,0.7677162289619446,0.6043214201927185
SB71898_component_1534a,19.009226,-18.781261,2.753999948501587,17.1055908203125,19.0093936920166,-18.781118392944336,3.6266367435455322,0.9647006988525391,0.7593812346458435
SB71898_component_1535a,19.823722,-20.244364,2.308000087738037,13.738096237182617,19.823823928833008,-20.244096755981445,2.9979212284088135,0.9780213236808777,0.7698668241500854
SB71898_component_1546a,18.615804,-16.483435,2.3610000610351562,12.170103073120117,18.61579132080078,-16.483177185058594,3.484234571456909,0.8608378171920776,0.6776237487792969
SB71898_component_1547a,17.967129,-18.942276,2.5,15.625,17.967247009277344,-18.94193458557129,1.5394166707992554,2.063082218170166,1.6239917278289795
SB71898_component_1548a,20.253387,-20.548947,2.3239998817443848,11.917948722839355,20.253644943237305,-20.548797607421875,3.0520360469818115,0.9673399925231934,0.7614588737487793
SB71898_component_1552a,19.169289,-19.941961,2.5230000019073486,14.754385948181152,19.169200897216797,-19.941978454589844,2.787899971008301,1.1496689319610596,0.9049822688102722
SB71898_component_1553a,19.252539,-16.660157,2.1089999675750732,12.05142879486084,19.252574920654297,-16.659971237182617,2.568742036819458,1.0430108308792114,0.8210244178771973
SB71898_component_1556a,16.968583,-17.159033,2.506999969482422,11.881516456604004,16.968751907348633,-17.159135818481445,3.904738426208496,0.8156335949897766,0.6420404314994812
SB71898_component_1560a,18.531429,-17.761815,2.299999952316284,13.068181991577148,18.531421661376953,-17.761653900146484,3.0851783752441406,0.947066068649292,0.745499849319458
SB71898_component_1562a,17.86869,-18.513325,2.1549999713897705,12.529068946838379,17.869050979614258,-18.513307571411133,3.0008251667022705,0.9123033881187439,0.7181357741355896
SB71898_component_1564a,21.440113,-19.122037,2.5920000076293945,15.52095890045166,21.440479278564453,-19.121931076049805,2.2833926677703857,1.4420726299285889,1.1351529359817505
SB71898_component_1565a,19.800897,-20.531863,2.071000099182129,11.194595336914062,19.801061630249023,-20.531728744506836,3.0671889781951904,0.8577728271484375,0.6752111315727234
SB71898_component_1567a,17.158948,-17.96309,2.4800000190734863,12.277227401733398,17.158872604370117,-17.9628849029541,1.8051793575286865,1.7452757358551025,1.3738247156143188
SB71898_component_1573a,21.468009,-18.720382,2.4820001125335693,13.788888931274414,21.468210220336914,-18.72026252746582,3.80045223236084,0.8296582698822021,0.6530802249908447
SB71898_component_1577a,19.780425,-19.480003,2.0969998836517334,11.521977424621582,19.780872344970703,-19.479936599731445,2.71286678314209,0.9819800853729248,0.7729830145835876
SB71898_component_1578a,18.701154,-17.936337,2.5179998874664307,15.260604858398438,18.701278686523438,-17.93623161315918,3.4572057723999023,0.9252587556838989,0.7283338308334351
SB71898_component_1581a,18.655387,-19.563366,2.503000020980835,14.637426376342773,18.655559539794922,-19.563220977783203,4.081778049468994,0.7790120840072632,0.6132131814956665
SB71898_component_1589a,17.697696,-20.786137,2.4860000610351562,11.248868942260742,17.698022842407227,-20.786069869995117,2.852294445037842,1.1072341203689575,0.8715790510177612
SB71898_component_1592a,21.941996,-18.454128,2.3459999561309814,12.412698745727539,21.942138671875,-18.454200744628906,3.3918614387512207,0.8786635994911194,0.6916555762290955
SB71898_component_1594a,22.238952,-16.923357,2.3269999027252197,11.693467140197754,22.238801956176758,-16.92340850830078,2.718733787536621,1.0873326063156128,0.8559131026268005
SB71898_component_1597a,18.639294,-20.537605,2.2330000400543213,11.814815521240234,18.63932991027832,-20.53757095336914,3.3512256145477295,0.8464820981025696,0.6663234233856201
SB71898_component_1598a,20.380399,-18.710527,2.380000114440918,13.600001335144043,20.38079071044922,-18.710546493530273,2.9921352863311768,1.0104817152023315,0.7954186201095581
SB71898_component_1602a,18.382836,-18.04757,2.1730000972747803,13.090362548828125,18.38292694091797,-18.047487258911133,3.2284083366394043,0.8550745844841003,0.6730871200561523
SB71898_component_1607a,19.354038,-17.601421,2.2820000648498535,12.892655372619629,19.354366302490234,-17.601280212402344,3.1748976707458496,0.9131006002426147,0.7187633514404297
SB71898_component_1612a,20.354102,-17.413306,2.115999937057495,11.887639999389648,20.354310989379883,-17.413286209106445,3.7709226608276367,0.7128542065620422,0.5611358880996704
SB71898_component_1615a,18.24807,-19.227383,1.9869999885559082,11.619882583618164,18.24846649169922,-19.227224349975586,3.367950439453125,0.749488353729248,0.5899730324745178
SB71898_component_1617a,17.780965,-18.468622,2.2309999465942383,12.676136016845703,17.78114128112793,-18.468482971191406,3.319000720977783,0.853935182094574,0.672190248966217
SB71898_component_1629a,18.239341,-19.527672,2.3420000076293945,14.02395248413086,18.239208221435547,-19.527633666992188,3.040452241897583,0.9785464406013489,0.770280122756958
SB71898_component_1631a,19.109993,-19.793119,2.378000020980835,12.85405445098877,19.110279083251953,-19.7933406829834,2.5954129695892334,1.1639602184295654,0.9162318706512451
SB71898_component_1633a,18.694959,-18.02106,2.1010000705718994,12.358823776245117,18.69481658935547,-18.02105712890625,2.867199659347534,0.9308953285217285,0.7327707409858704
SB71898_component_1640a,19.026004,-18.8262,2.328000068664551,14.459628105163574,19.0262508392334,-18.82597541809082,2.8651182651519775,1.0322221517562866,0.8125319480895996
SB71898_component_1645a,18.683734,-18.193087,2.305000066757202,14.588607788085938,18.683717727661133,-18.1931095123291,3.1250693798065186,0.9370095133781433,0.7375836372375488
SB71898_component_1646a,18.098116,-17.591182,2.431999921798706,13.818181037902832,18.098134994506836,-17.590967178344727,2.866462469100952,1.077829360961914,0.8484324812889099
SB71898_component_1649a,17.966272,-20.103357,2.1040000915527344,11.251337051391602,17.966428756713867,-20.103343963623047,2.7228569984436035,0.9816431403160095,0.7727178335189819
SB71898_component_1650a,22.04052,-19.060507,2.1619999408721924,10.919191360473633,22.040803909301758,-19.060136795043945,2.7800445556640625,0.987953782081604,0.7776853442192078
SB71898_component_1651a,18.647671,-20.445254,2.0320000648498535,11.226519584655762,18.64783477783203,-20.445125579833984,3.12621808052063,0.8257282376289368,0.6499866843223572
SB71898_component_1652a,18.796679,-20.42288,2.369999885559082,13.314605712890625,18.79678726196289,-20.422950744628906,3.7430553436279297,0.8043680191040039,0.6331725716590881
SB71898_component_1664a,18.743423,-17.188029,2.117000102996826,11.76111125946045,18.743568420410156,-17.187725067138672,2.8046319484710693,0.9589097499847412,0.7548227906227112
SB71898_component_1667a,20.791525,-20.566972,1.9459999799728394,11.056818008422852,20.791776657104492,-20.567060470581055,2.2040491104125977,1.121641993522644,0.8829204440116882
SB71898_component_1670a,21.243614,-19.044174,2.26200008392334,13.464286804199219,21.243711471557617,-19.043893814086914,3.4185075759887695,0.8405988216400146,0.6616922616958618
SB71898_component_1676a,21.217105,-19.869884,2.190000057220459,11.837838172912598,21.217254638671875,-19.869701385498047,2.2215161323547363,1.2523547410964966,0.9858132600784302
SB71898_component_1679a,17.939793,-19.628238,2.240000009536743,12.307692527770996,17.93997573852539,-19.6281795501709,3.059582471847534,0.9300763010978699,0.7321260571479797
SB71898_component_1680a,17.423468,-19.39273,1.9509999752044678,10.960674285888672,17.42354965209961,-19.39254379272461,2.9422943592071533,0.8423718810081482,0.6630879640579224
SB71898_component_1685a,18.016376,-16.777185,2.13700008392334,10.631840705871582,18.016569137573242,-16.77727508544922,3.201334238052368,0.8480202555656433,0.6675341725349426
SB71898_component_1696a,21.109474,-16.503534,2.131999969482422,10.554454803466797,21.10948944091797,-16.50339126586914,2.658114194869995,1.0189344882965088,0.8020724058151245
SB71898_component_1703a,17.199987,-20.404279,2.2130000591278076,10.90147876739502,17.199796676635742,-20.40428352355957,3.248599052429199,0.8654022812843323,0.6812167167663574
SB71898_component_1704a,19.748779,-20.246409,2.2720000743865967,13.057472229003906,19.74912452697754,-20.246421813964844,3.5856261253356934,0.804963231086731,0.6336411237716675
SB71898_component_1707a,22.155851,-19.896336,2.058000087738037,10.946809768676758,22.15625762939453,-19.896352767944336,2.1688103675842285,1.205470323562622,0.9489073157310486
SB71898_component_1708a,17.907442,-18.490865,2.26200008392334,12.497238159179688,17.907739639282227,-18.490619659423828,3.2053606510162354,0.8964961767196655,0.7056928277015686
SB71898_component_1716a,17.039504,-19.053101,1.8580000400543213,10.265193939208984,17.039655685424805,-19.053009033203125,2.2481045722961426,1.049933910369873,0.8264740109443665
SB71898_component_1723a,20.808932,-20.856057,2.072000026702881,10.009661674499512,20.80891990661621,-20.85598373413086,1.93621027469635,1.359471082687378,1.0701316595077515
SB71898_component_1724a,18.789794,-17.004456,2.2079999446868896,12.33519458770752,18.7898006439209,-17.00436019897461,3.0556912422180176,0.9179568886756897,0.7225860953330994
SB71898_component_1728a,21.645238,-16.928521,2.2360000610351562,12.15217399597168,21.64533042907715,-16.928457260131836,3.1381125450134277,0.9051821827888489,0.712530255317688
SB71898_component_1730a,19.748659,-17.220352,1.9429999589920044,10.33510684967041,19.748632431030273,-17.220359802246094,2.642273426055908,0.9341739416122437,0.7353515625
SB71898_component_1733a,18.611922,-18.302246,2.0139999389648438,12.432098388671875,18.612140655517578,-18.301963806152344,2.8006279468536377,0.9135593771934509,0.719124436378479
SB71898_component_1740a,18.666193,-20.209143,2.0139999389648438,10.069999694824219,18.666040420532227,-20.208934783935547,2.7693352699279785,0.923882246017456,0.727250337600708
SB71898_component_1744a,19.983331,-19.999494,2.2360000610351562,11.8306884765625,19.983598709106445,-19.999773025512695,2.150681257247925,1.3207738399505615,1.0396705865859985
SB71898_component_1749a,18.789026,-19.56412,1.9609999656677246,11.079095840454102,18.789337158203125,-19.564144134521484,2.7325515747070312,0.9116789698600769,0.7176442742347717
SB71898_component_1770a,21.470283,-19.297731,1.7389999628067017,10.28994083404541,21.470495223999023,-19.297771453857422,2.494860887527466,0.8854947090148926,0.6970328092575073
SB71898_component_1782a,20.985468,-18.438127,1.9509999752044678,10.161458015441895,20.985794067382812,-18.43789291381836,2.663665294647217,0.9304869771003723,0.7324493527412415
SB71898_component_1785a,17.107177,-19.76375,2.2019999027252197,10.289718627929688,17.107295989990234,-19.763694763183594,2.121792793273926,1.3183995485305786,1.0378016233444214
SB71898_component_1796a,18.365955,-19.625922,1.9980000257492065,12.036145210266113,18.36581802368164,-19.626123428344727,1.6484252214431763,1.5397809743881226,1.2120659351348877
SB71898_component_1800a,18.558424,-16.894932,1.8849999904632568,10.530725479125977,18.558549880981445,-16.89458465576172,2.363818645477295,1.0130478143692017,0.7974385023117065
SB71898_component_1804a,18.478092,-16.622707,1.996999979019165,10.401041030883789,18.478002548217773,-16.622432708740234,2.278608798980713,1.113373875617981,0.8764119744300842
SB71898_component_1811a,21.247221,-16.421959,2.1659998893737793,10.265402793884277,21.247217178344727,-16.4217472076416,2.4060099124908447,1.1436516046524048,0.9002456068992615
SB71898_component_1819a,16.937719,-19.216575,1.934000015258789,10.178947448730469,16.937828063964844,-19.216760635375977,2.3201632499694824,1.0589382648468018,0.8335620164871216
SB71898_component_1823a,20.265574,-17.446241,1.7630000114440918,10.25,20.26561164855957,-17.44612693786621,2.2509419918060303,0.994994580745697,0.7832276225090027
SB71898_component_1825a,20.440973,-18.487363,1.996999979019165,11.411428451538086,20.440256118774414,-18.487462997436523,2.483685255050659,1.0214431285858154,0.8040471076965332
SB71898_component_1834a,18.52509,-18.335042,2.1080000400543213,13.093168258666992,18.525516510009766,-18.334922790527344,2.2680513858795166,1.180729627609253,0.929432213306427
SB71898_component_1839a,18.566093,-19.259325,1.8539999723434448,10.8421049118042,18.566421508789062,-19.259037017822266,2.172445774078369,1.084160327911377,0.8534159660339355
SB71898_component_1842a,18.629587,-18.828273,2.1070001125335693,12.109196662902832,18.62933921813965,-18.828086853027344,2.1148102283477783,1.2656856775283813,0.9963069558143616
SB71898_component_1853a,17.718669,-18.838705,2.009999990463257,10.92391300201416,17.718889236450195,-18.83844757080078,3.172062397003174,0.8049836158752441,0.6336571574211121
SB71898_component_1878a,19.963163,-19.019093,1.7430000305175781,10.893750190734863,19.963401794433594,-19.018882751464844,2.5285134315490723,0.8757191300392151,0.6893378496170044
SB71898_component_1893a,18.602571,-19.955875,1.9819999933242798,10.83060073852539,18.602603912353516,-19.95591926574707,2.735501766204834,0.9204482436180115,0.7245471477508545
SB71898_component_1902a,18.469583,-19.145862,1.7339999675750732,10.509090423583984,18.469764709472656,-19.145523071289062,2.3114013671875,0.9530297517776489,0.750194251537323
SB71898_component_1906a,18.095608,-20.607188,1.7829999923706055,10.676647186279297,18.095685958862305,-20.607145309448242,2.344876766204834,0.9659708738327026,0.7603811025619507
SB71898_component_1908a,20.1042,-16.770068,1.8569999933242798,10.374300956726074,20.10396385192871,-16.769927978515625,2.2613213062286377,1.043235421180725,0.8212013244628906
SB71898_component_1914a,17.808752,-19.778219,1.8070000410079956,10.567251205444336,17.80879783630371,-19.778125762939453,1.9704536199569702,1.16499662399292,0.9170477390289307
SB71898_component_1936a,18.100775,-18.249733,2.003000020980835,11.994012832641602,18.101030349731445,-18.249675750732422,3.4021198749542236,0.7479352951049805,0.5887506008148193
SB71898_component_1943a,21.691043,-19.503912,1.8960000276565552,10.30434799194336,21.69133949279785,-19.504047393798828,2.590162754058838,0.9299166202545166,0.7320003509521484
SB71898_component_1953a,18.965885,-19.555854,1.6399999856948853,10.061349868774414,18.966022491455078,-19.555620193481445,2.405473232269287,0.866115927696228,0.6817785501480103
SB71898_component_1958a,19.432403,-19.772421,1.7869999408721924,10.21142864227295,19.432321548461914,-19.77243995666504,3.1298179626464844,0.7253342270851135,0.5709596872329712
SB71898_component_1972a,20.998215,-20.530664,1.875,10.13513469696045,20.998355865478516,-20.530731201171875,2.388899564743042,0.9970939755439758,0.7848802208900452
SB71898_component_1992a,21.410109,-18.870032,1.8630000352859497,10.407820701599121,21.410564422607422,-18.870141983032227,2.436682939529419,0.9712847471237183,0.7645639777183533
SB71898_component_1997a,18.050752,-18.996204,1.684999942779541,10.02976131439209,18.050748825073242,-18.99628448486328,1.74763822555542,1.2248448133468628,0.964158296585083
SB71898_component_2033a,20.303955,-18.16776,1.6549999713897705,10.091463088989258,20.30419921875,-18.16759490966797,2.1391403675079346,0.9828594326972961,0.773675262928009
SB71898_component_2046a,20.901593,-20.288667,1.7649999856948853,10.202312469482422,20.90163230895996,-20.28841209411621,2.9498913288116455,0.7601011991500854,0.598327100276947
