Component_ID,RA,DEC,ASKAP_flux,ASKAP_flux_SNR,RA_comp,DEC_comp,Comp_flux,Flux_Ratio_AlphaCorr,Flux_Ratio_NOAlphaCorr
SB75658_component_4a,227.747095,-25.647131,534.9660034179688,1434.2252197265625,227.7471160888672,-25.64708137512207,744.0206298828125,0.9134272336959839,0.7190203666687012
SB75658_component_5a,227.589865,-22.828779,358.3169860839844,1628.713623046875,227.58982849121094,-22.828786849975586,512.0061645507812,0.8890474438667297,0.6998294591903687
SB75658_component_6a,225.626081,-23.840119,300.64801025390625,1379.119384765625,225.62608337402344,-23.840129852294922,445.37457275390625,0.8575621843338013,0.6750453114509583
SB75658_component_8a,228.876085,-21.732157,220.8070068359375,872.7550048828125,228.8761444091797,-21.73206329345703,300.36224365234375,0.9338996410369873,0.7351356744766235
SB75658_component_9a,226.386614,-24.40587,203.71299743652344,951.9298706054688,226.38661193847656,-24.405872344970703,275.5682373046875,0.9391226172447205,0.7392470240592957
SB75658_component_11a,227.978226,-23.553919,191.42599487304688,942.9852294921875,227.9782257080078,-23.553937911987305,252.6556854248047,0.9625084400177002,0.7576556205749512
SB75658_component_12a,225.21618,-23.972289,194.9600067138672,515.7672119140625,225.21621704101562,-23.972280502319336,190.89149475097656,1.2974530458450317,1.021313190460205
SB75658_component_13a,228.849068,-22.78124,177.8699951171875,797.623291015625,228.84906005859375,-22.78121566772461,274.0150451660156,0.8246335387229919,0.6491249203681946
SB75658_component_14a,231.157388,-22.115256,175.06900024414062,614.2772216796875,231.1573486328125,-22.115270614624023,233.12391662597656,0.9540148377418518,0.7509697079658508
SB75658_component_23a,232.103998,-24.047189,128.42999267578125,129.85842895507812,232.1038818359375,-24.04722785949707,130.8321075439453,1.247052788734436,0.9816397428512573
SB75658_component_25a,229.159165,-20.897039,121.0,433.6917419433594,229.1592254638672,-20.897035598754883,177.2263946533203,0.867340624332428,0.6827425360679626
SB75658_component_27a,226.168972,-22.033706,124.57099914550781,635.5663452148438,226.1689453125,-22.03367042541504,169.0834197998047,0.9359413385391235,0.7367428541183472
SB75658_component_29a,227.841695,-24.404321,117.12200164794922,610.0104370117188,227.84169006347656,-24.404338836669922,181.20184326171875,0.8211237192153931,0.6463620662689209
SB75658_component_30a,229.194626,-25.64922,111.48699951171875,359.6354675292969,229.19468688964844,-25.649105072021484,150.35679626464844,0.9419630765914917,0.7414829134941101
SB75658_component_31a,225.778183,-25.919323,109.6989974975586,205.42884826660156,225.77821350097656,-25.91916847229004,100.56155395507812,1.385809063911438,1.0908641815185547
SB75658_component_32a,224.937057,-23.479564,106.15399932861328,184.61566162109375,224.93711853027344,-23.479583740234375,131.8843231201172,1.0225296020507812,0.8049023151397705
SB75658_component_36a,231.213034,-25.248574,97.76399993896484,351.6690673828125,231.21299743652344,-25.2485294342041,128.79287719726562,0.9643170237541199,0.7590792179107666
SB75658_component_37a,228.471525,-25.975175,96.42400360107422,200.0498046875,228.47164916992188,-25.975048065185547,117.77816009521484,1.0400474071502686,0.8186917304992676
SB75658_component_41a,227.498892,-24.44799,90.57099914550781,469.27978515625,227.49893188476562,-24.44801902770996,118.75077819824219,0.9689143896102905,0.7626981735229492
SB75658_component_47a,229.960977,-23.126878,78.65699768066406,334.71063232421875,229.96109008789062,-23.1269588470459,114.39048767089844,0.8735346794128418,0.6876183152198792
SB75658_component_49a,227.0067,-25.140902,72.77999877929688,418.27587890625,227.00677490234375,-25.14090919494629,69.48921203613281,1.330538272857666,1.0473568439483643
SB75658_component_50a,228.99746,-25.892075,73.08899688720703,182.26683044433594,228.99754333496094,-25.891939163208008,91.1057357788086,1.0191521644592285,0.8022436499595642
SB75658_component_53a,232.169537,-21.241586,73.9229965209961,94.89473724365234,232.16952514648438,-21.2415828704834,87.85967254638672,1.0688645839691162,0.8413757085800171
SB75658_component_55a,230.501584,-23.117139,72.46099853515625,320.6239013671875,230.50167846679688,-23.117202758789062,117.89044952392578,0.7808334231376648,0.6146469116210938
SB75658_component_59a,228.075135,-24.297104,68.51300048828125,382.7541809082031,228.0751190185547,-24.297138214111328,80.98286437988281,1.0747627019882202,0.8460184931755066
SB75658_component_60a,228.292413,-21.344719,66.10800170898438,351.6383056640625,228.29251098632812,-21.344602584838867,87.55033111572266,0.9592437148094177,0.7550857067108154
SB75658_component_61a,229.646788,-24.391797,66.80599975585938,340.8469543457031,229.64682006835938,-24.391794204711914,78.68354797363281,1.078609585762024,0.8490465879440308
SB75658_component_62a,228.481627,-20.63101,64.91799926757812,125.56672668457031,228.481689453125,-20.630985260009766,96.12140655517578,0.8579811453819275,0.6753750443458557
SB75658_component_65a,228.381746,-22.690443,64.98500061035156,386.81549072265625,228.38174438476562,-22.690427780151367,89.00337982177734,0.9275543689727783,0.7301408052444458
SB75658_component_66a,231.636152,-24.904444,68.21099853515625,190.53350830078125,231.63609313964844,-24.9044246673584,87.8634262084961,0.986231803894043,0.7763298153877258
SB75658_component_69a,228.947167,-21.237628,58.75,296.7171630859375,228.94723510742188,-21.237565994262695,68.53228759765625,1.0890438556671143,0.8572601675987244
SB75658_component_72a,230.91265,-25.237438,57.42599868774414,305.45745849609375,230.9126434326172,-25.237367630004883,73.7883529663086,0.9886748194694519,0.778252899646759
SB75658_component_74a,226.01135,-25.438812,54.862998962402344,237.5021514892578,226.01136779785156,-25.4387264251709,50.7215576171875,1.3741042613983154,1.0816504955291748
SB75658_component_79a,226.621402,-25.004752,56.141998291015625,336.17962646484375,226.6214599609375,-25.004741668701172,69.5487289428711,1.0254899263381958,0.8072325587272644
SB75658_component_80a,230.635755,-23.431273,56.9739990234375,304.67376708984375,230.63577270507812,-23.431318283081055,81.958984375,0.8831060528755188,0.6951525807380676
SB75658_component_82a,226.397312,-22.546031,55.14500045776367,269.0,226.3973388671875,-22.54593849182129,83.42082977294922,0.8397777676582336,0.6610459089279175
SB75658_component_90a,228.489655,-20.832871,55.1619987487793,194.2323760986328,228.48976135253906,-20.832841873168945,85.63480377197266,0.8183186054229736,0.6441539525985718
SB75658_component_91a,227.937898,-25.800227,53.858001708984375,172.07029724121094,227.9379425048828,-25.800159454345703,64.9483642578125,1.0534520149230957,0.8292433619499207
SB75658_component_93a,225.319176,-25.165358,52.659000396728516,214.9346923828125,225.31924438476562,-25.165319442749023,75.40259552001953,0.8871949315071106,0.698371171951294
SB75658_component_94a,227.57083,-22.330033,50.72200012207031,307.4060363769531,227.57083129882812,-22.330055236816406,72.40465545654297,0.8899437785148621,0.7005350589752197
SB75658_component_96a,225.452122,-24.134274,47.96099853515625,162.0303955078125,225.45216369628906,-24.13425636291504,57.04315185546875,1.0681135654449463,0.84078449010849
SB75658_component_97a,227.999093,-21.317173,47.62699890136719,276.9011535644531,227.9991912841797,-21.31709098815918,63.043601989746094,0.9597208499908447,0.7554612755775452
SB75658_component_98a,229.963367,-25.752084,50.67599868774414,172.9556121826172,229.96337890625,-25.751922607421875,61.83641815185547,1.0410958528518677,0.8195170164108276
SB75658_component_100a,225.723492,-21.778922,49.777000427246094,228.33486938476562,225.72348022460938,-21.778915405273438,77.3252944946289,0.8177863359451294,0.6437350511550903
SB75658_component_103a,230.579535,-23.657786,46.0,248.64865112304688,230.57955932617188,-23.65782356262207,65.11766052246094,0.8974117636680603,0.7064135670661926
SB75658_component_104a,230.222426,-25.614051,47.6510009765625,178.46817016601562,230.22244262695312,-25.613933563232422,60.19731903076172,1.0056053400039673,0.7915801405906677
SB75658_component_106a,224.999602,-24.210025,48.395999908447266,62.93368148803711,224.99966430664062,-24.20993995666504,27.024396896362305,2.275024890899658,1.7908263206481934
SB75658_component_110a,228.639579,-20.740648,44.00699996948242,111.6928939819336,228.63967895507812,-20.74065399169922,30.9123592376709,1.8085159063339233,1.4236053228378296
SB75658_component_111a,230.029159,-23.84022,45.104000091552734,263.7660827636719,230.0291748046875,-23.84030532836914,63.43345260620117,0.9032946228981018,0.7110443711280823
SB75658_component_113a,228.114136,-24.69174,44.198001861572266,238.90811157226562,228.1141357421875,-24.69173812866211,55.29929733276367,1.0153498649597168,0.7992507219314575
SB75658_component_114a,227.963721,-25.665848,44.275001525878906,168.34600830078125,227.9637451171875,-25.665803909301758,58.62885665893555,0.9593561291694641,0.7551742196083069
SB75658_component_115a,227.721508,-25.713542,46.5260009765625,165.57296752929688,227.72152709960938,-25.71347999572754,62.27042007446289,0.9491757750511169,0.7471605539321899
SB75658_component_118a,227.097963,-23.309453,43.99599838256836,260.33135986328125,227.0979461669922,-23.309423446655273,53.70491409301758,1.0407150983810425,0.8192173838615417
SB75658_component_121a,225.238748,-25.460176,42.005001068115234,137.7213134765625,225.2388153076172,-25.460071563720703,43.73059844970703,1.2202484607696533,0.9605402946472168
SB75658_component_125a,229.090495,-21.934082,43.8120002746582,259.24261474609375,229.09051513671875,-21.93401527404785,65.07584381103516,0.8552753925323486,0.6732451915740967
SB75658_component_134a,231.678002,-23.1605,39.64799880981445,134.8571319580078,231.67794799804688,-23.160614013671875,56.34403991699219,0.8939351439476013,0.7036768794059753
SB75658_component_140a,227.979921,-25.037718,37.645999908447266,212.68927001953125,227.97998046875,-25.037729263305664,42.35110092163086,1.1292414665222168,0.888902485370636
SB75658_component_142a,225.822206,-20.962048,33.20199966430664,92.74301147460938,225.8221893310547,-20.962120056152344,51.3007698059082,0.8221917152404785,0.647202730178833
SB75658_component_146a,230.715105,-25.16258,35.08300018310547,189.63783264160156,230.7151336669922,-25.162519454956055,49.924808502197266,0.8927153944969177,0.7027167677879333
SB75658_component_147a,229.17637,-21.174311,34.07699966430664,179.35263061523438,229.17640686035156,-21.17424774169922,62.03129577636719,0.6978839635848999,0.5493517518043518
SB75658_component_149a,231.388017,-25.482594,34.63199996948242,89.02827453613281,231.38796997070312,-25.482524871826172,47.49041748046875,0.9264122843742371,0.7292418479919434
SB75658_component_157a,228.897726,-23.633571,32.422000885009766,214.71524047851562,228.8978271484375,-23.633638381958008,43.42621612548828,0.9484633207321167,0.7465997338294983
SB75658_component_158a,226.56765,-22.950009,32.83100128173828,201.41717529296875,226.56765747070312,-22.94991111755371,52.22751235961914,0.7985783219337463,0.6286150813102722
SB75658_component_162a,227.569962,-22.785687,32.41899871826172,168.8489532470703,227.56991577148438,-22.785673141479492,49.09944152832031,0.8387948870658875,0.6602722406387329
SB75658_component_164a,229.93704,-22.039451,30.59600067138672,185.4302978515625,229.93702697753906,-22.039424896240234,43.540306091308594,0.892700731754303,0.7027052044868469
SB75658_component_165a,228.319682,-23.515254,31.62299919128418,186.01763916015625,228.3197021484375,-23.515289306640625,19.022186279296875,2.1119096279144287,1.6624271869659424
SB75658_component_166a,231.207516,-21.863602,30.743000030517578,125.48162841796875,231.20751953125,-21.863590240478516,37.052391052246094,1.0540536642074585,0.8297170400619507
SB75658_component_168a,229.992785,-23.578286,31.617000579833984,176.63128662109375,229.9927978515625,-23.578369140625,27.225055694580078,1.4753144979476929,1.1613199710845947
SB75658_component_169a,227.789834,-22.173569,30.194000244140625,184.10975646972656,227.78982543945312,-22.173561096191406,35.922149658203125,1.0678027868270874,0.8405399322509766
SB75658_component_170a,226.513473,-24.514468,32.34199905395508,179.67776489257812,226.51345825195312,-24.514467239379883,46.05332565307617,0.892151415348053,0.7022728323936462
SB75658_component_171a,230.861807,-23.128691,32.22999954223633,157.21951293945312,230.86184692382812,-23.12876319885254,43.33342742919922,0.9448654651641846,0.7437676191329956
SB75658_component_174a,225.245255,-21.534156,32.224998474121094,60.91682434082031,225.24530029296875,-21.53411102294922,54.38405227661133,0.7527557015419006,0.5925450325012207
SB75658_component_175a,227.070876,-22.004126,29.06399917602539,185.12100219726562,227.07086181640625,-22.00408363342285,45.480567932128906,0.81182461977005,0.6390421390533447
SB75658_component_176a,229.102826,-21.383142,29.349000930786133,167.7085723876953,229.10284423828125,-21.383085250854492,41.36793899536133,0.9012849926948547,0.7094624638557434
SB75658_component_177a,228.839139,-21.16362,29.06800079345703,140.4251251220703,228.83921813964844,-21.163551330566406,48.48358154296875,0.761646032333374,0.5995431542396545
SB75658_component_178a,231.433633,-20.815432,30.054000854492188,96.9483871459961,231.43362426757812,-20.815433502197266,39.62488555908203,0.963533878326416,0.7584627866744995
SB75658_component_179a,225.209937,-25.065029,30.29400062561035,113.03731536865234,225.21002197265625,-25.06496810913086,35.258399963378906,1.0915075540542603,0.8591995239257812
SB75658_component_181a,229.401332,-22.54519,30.253999710083008,175.8953399658203,229.4013214111328,-22.545167922973633,33.462928771972656,1.1485543251037598,0.9041049480438232
SB75658_component_182a,227.851878,-21.158012,28.791000366210938,143.23880004882812,227.85198974609375,-21.15797233581543,36.883460998535156,0.9916486144065857,0.7805938124656677
SB75658_component_184a,228.293467,-22.168135,29.23699951171875,168.0287322998047,228.29347229003906,-22.168113708496094,43.494930267333984,0.8539391160011292,0.6721932888031006
SB75658_component_185a,226.044192,-21.312734,28.822999954223633,133.43980407714844,226.04415893554688,-21.31273651123047,38.24480056762695,0.9574134349822998,0.7536449432373047
SB75658_component_186a,227.872165,-20.689229,29.172000885009766,64.39735412597656,227.8722686767578,-20.689224243164062,41.66251754760742,0.8895152807235718,0.7001977562904358
SB75658_component_191a,228.940121,-23.202358,29.23699951171875,179.3680877685547,228.9401397705078,-23.202373504638672,37.6213493347168,0.9872590899467468,0.7771385312080383
SB75658_component_192a,230.47156,-23.181815,27.94099998474121,125.86035919189453,230.4716796875,-23.1818790435791,39.88341522216797,0.8899842500686646,0.7005668878555298
SB75658_component_195a,226.057353,-22.534488,28.215999603271484,150.08511352539062,226.057373046875,-22.534379959106445,41.61532211303711,0.8613405227661133,0.6780194640159607
SB75658_component_196a,228.990239,-23.462313,28.42799949645996,170.2275390625,228.9902801513672,-23.462385177612305,41.63384246826172,0.8674262166023254,0.6828098893165588
SB75658_component_199a,224.888222,-22.104359,26.788999557495117,37.625,224.88827514648438,-22.104272842407227,32.77953338623047,1.0382128953933716,0.817247748374939
SB75658_component_202a,228.686333,-24.751206,25.952999114990234,150.01734924316406,228.6864013671875,-24.751155853271484,28.395734786987305,1.1610934734344482,0.9139752388000488
SB75658_component_203a,231.536833,-24.687018,25.767000198364258,106.47520446777344,231.53677368164062,-24.686988830566406,34.592071533203125,0.9462807178497314,0.7448816895484924
SB75658_component_207a,226.932386,-23.904999,28.343000411987305,167.71006774902344,226.93231201171875,-23.904996871948242,44.992984771728516,0.800264835357666,0.6299426555633545
SB75658_component_208a,231.836291,-22.449019,26.10300064086914,62.002376556396484,231.83619689941406,-22.449203491210938,31.622730255126953,1.0486335754394531,0.8254505395889282
SB75658_component_209a,230.080377,-21.211774,25.482999801635742,142.36312866210938,230.08035278320312,-21.211788177490234,28.261634826660156,1.14547598361969,0.9016817212104797
SB75658_component_214a,226.315795,-20.53765,25.41699981689453,41.3957633972168,226.3157196044922,-20.537752151489258,34.62763977050781,0.9324683547019958,0.7340090274810791
SB75658_component_219a,230.84102,-25.761514,25.541000366210938,86.57966613769531,230.8410186767578,-25.761451721191406,24.27958106994629,1.3363783359527588,1.051953911781311
SB75658_component_227a,231.071814,-25.087641,23.20800018310547,113.20975494384766,231.07180786132812,-25.087587356567383,28.3686580657959,1.0392777919769287,0.8180859088897705
SB75658_component_235a,227.034004,-25.373894,22.604000091552734,118.96842193603516,227.03407287597656,-25.373863220214844,24.649133682250977,1.164974331855774,0.9170302152633667
SB75658_component_247a,224.593308,-25.312017,21.79599952697754,22.30910873413086,224.59352111816406,-25.311891555786133,28.364870071411133,0.9761773347854614,0.7684152722358704
SB75658_component_249a,228.925796,-23.355493,22.086000442504883,131.46429443359375,228.92587280273438,-23.355558395385742,28.973997116088867,0.9683700799942017,0.7622697353363037
SB75658_component_255a,227.75326,-21.451859,21.6200008392334,124.97110748291016,227.7533416748047,-21.45182228088379,33.68571853637695,0.8153472542762756,0.6418150663375854
SB75658_component_256a,226.607293,-22.134989,22.964000701904297,131.97702026367188,226.60728454589844,-22.134906768798828,32.07249069213867,0.9095939993858337,0.7160030603408813
SB75658_component_259a,227.601004,-24.124117,20.43000030517578,120.8875732421875,227.60098266601562,-24.124099731445312,29.509185791015625,0.8795161843299866,0.6923267841339111
SB75658_component_266a,230.648532,-22.030159,19.947999954223633,115.30636596679688,230.6485137939453,-22.03016471862793,28.80451774597168,0.8797746896743774,0.6925302743911743
SB75658_component_268a,228.797931,-23.941788,21.850000381469727,140.96774291992188,228.7980194091797,-23.941848754882812,31.56121826171875,0.8794889450073242,0.692305326461792
SB75658_component_270a,227.204341,-24.624009,20.94099998474121,126.15060424804688,227.2043914794922,-24.624025344848633,24.456531524658203,1.0877654552459717,0.8562538623809814
SB75658_component_275a,228.160834,-21.459153,20.10099983215332,120.36527252197266,228.1609344482422,-21.459068298339844,24.871057510375977,1.026729702949524,0.8082084655761719
SB75658_component_277a,229.134866,-21.144301,19.395000457763672,100.49222564697266,229.1349334716797,-21.144271850585938,26.337100982666016,0.9355231523513794,0.7364136576652527
SB75658_component_278a,231.743457,-25.032453,19.729999542236328,42.70562744140625,231.74337768554688,-25.03238868713379,28.534896850585938,0.87838214635849,0.6914340853691101
SB75658_component_280a,229.396914,-21.760652,20.617000579833984,119.86627960205078,229.39695739746094,-21.76061248779297,29.03353500366211,0.9021074771881104,0.7101098895072937
SB75658_component_282a,226.539807,-24.710231,20.13800048828125,116.40463256835938,226.539794921875,-24.710235595703125,16.017438888549805,1.597187876701355,1.257254719734192
SB75658_component_283a,227.437177,-24.423791,18.20599937438965,105.23699188232422,227.43722534179688,-24.423789978027344,26.344566345214844,0.877922534942627,0.6910722851753235
SB75658_component_287a,226.291832,-21.797089,18.167999267578125,99.82417297363281,226.29180908203125,-21.797061920166016,21.92230987548828,1.0528185367584229,0.8287447690963745
SB75658_component_288a,226.384283,-23.167988,19.13599967956543,113.9047622680664,226.3843231201172,-23.167898178100586,26.00652313232422,0.9347630739212036,0.7358154058456421
SB75658_component_294a,227.666576,-21.624322,18.809999465942383,113.99999237060547,227.66664123535156,-21.624300003051758,25.874486923217773,0.9235273003578186,0.726970911026001
SB75658_component_298a,227.515519,-22.053251,19.30900001525879,124.5741958618164,227.51553344726562,-22.053264617919922,10.0440034866333,2.4422249794006348,1.9224406480789185
SB75658_component_299a,225.884808,-21.184709,17.770999908447266,65.81851196289062,225.884765625,-21.184755325317383,26.022998809814453,0.8675354719161987,0.6828958988189697
SB75658_component_301a,225.577612,-21.030489,18.615999221801758,33.72463607788086,225.57757568359375,-21.03057289123535,24.96082305908203,0.9474585056304932,0.7458087205886841
SB75658_component_302a,229.360722,-20.791659,17.56800079345703,55.07210159301758,229.36074829101562,-20.791664123535156,24.715503692626953,0.9029954671859741,0.7108089327812195
SB75658_component_303a,225.568719,-25.328359,17.986000061035156,92.71133422851562,225.56874084472656,-25.32826805114746,20.67863655090332,1.104957103729248,0.8697865605354309
SB75658_component_306a,228.05315,-22.919003,18.554000854492188,114.53086853027344,228.0531463623047,-22.918977737426758,24.214033126831055,0.9734265208244324,0.7662498950958252
SB75658_component_314a,229.945221,-20.705238,17.76799964904785,44.75566482543945,229.9451904296875,-20.70530128479004,25.503721237182617,0.8850497603416443,0.6966826319694519
SB75658_component_317a,225.954572,-22.934849,17.29199981689453,92.96773529052734,225.95465087890625,-22.934720993041992,25.249013900756836,0.870028555393219,0.6848584413528442
SB75658_component_318a,225.495027,-22.944136,17.98200035095215,48.99727249145508,225.4951171875,-22.944141387939453,28.930667877197266,0.7896093130111694,0.621554970741272
SB75658_component_319a,230.88717,-25.731627,17.042999267578125,58.76896286010742,230.8871307373047,-25.73154640197754,20.82868003845215,1.0394821166992188,0.8182467222213745
SB75658_component_320a,226.659147,-20.61049,17.239999771118164,32.40601348876953,226.65914916992188,-20.610599517822266,27.0087947845459,0.8108952641487122,0.6383106112480164
SB75658_component_322a,227.489763,-25.24314,16.410999298095703,98.86144256591797,227.4898223876953,-25.24310874938965,22.837297439575195,0.9128996133804321,0.7186051607131958
SB75658_component_324a,226.600914,-24.77972,17.308000564575195,103.6407241821289,226.60093688964844,-24.779708862304688,21.498579025268555,1.022750973701477,0.8050764799118042
SB75658_component_325a,227.032704,-23.410344,17.136999130249023,99.63371276855469,227.0326690673828,-23.41031837463379,23.08428192138672,0.9430856108665466,0.7423665523529053
SB75658_component_326a,228.970936,-21.637563,16.923999786376953,97.82659149169922,228.97096252441406,-21.63745880126953,23.141855239868164,0.9290466904640198,0.7313156127929688
SB75658_component_327a,231.001083,-22.651511,16.812000274658203,85.7755126953125,231.00108337402344,-22.651626586914062,24.258718490600586,0.8804085850715637,0.6930292248725891
SB75658_component_328a,228.183296,-23.534089,18.354999542236328,111.92072296142578,228.18331909179688,-23.53411865234375,22.818798065185547,1.0218669176101685,0.8043806552886963
SB75658_component_329a,225.427628,-23.171208,16.740999221801758,55.06907653808594,225.4276580810547,-23.17125129699707,17.357690811157227,1.2252427339553833,0.9644715785980225
SB75658_component_331a,230.305693,-22.230622,16.628999710083008,95.02285766601562,230.3057098388672,-22.230613708496094,24.59510040283203,0.8589150905609131,0.6761102676391602
SB75658_component_333a,231.825459,-24.123085,15.38700008392334,38.954429626464844,231.82534790039062,-24.123126983642578,22.207704544067383,0.880203366279602,0.692867636680603
SB75658_component_334a,226.548971,-24.98017,16.18000030517578,90.89888000488281,226.54901123046875,-24.980113983154297,24.293766021728516,0.8460897207260132,0.6660144925117493
SB75658_component_341a,225.695445,-23.206908,15.809000015258789,73.18981170654297,225.69549560546875,-23.2069149017334,23.815757751464844,0.8432818055152893,0.6638041734695435
SB75658_component_348a,230.826793,-24.897941,15.954000473022461,84.41270446777344,230.82681274414062,-24.897918701171875,18.7380313873291,1.0816291570663452,0.8514235019683838
SB75658_component_349a,224.87421,-25.370902,14.880999565124512,29.525793075561523,224.8743438720703,-25.370861053466797,25.71160125732422,0.7352510690689087,0.5787659883499146
SB75658_component_352a,226.708117,-21.417333,15.25,82.43243408203125,226.7080841064453,-21.417329788208008,20.806114196777344,0.9311327338218689,0.7329576015472412
SB75658_component_354a,229.115888,-22.90074,14.586000442504883,88.4000015258789,229.11585998535156,-22.900733947753906,20.141124725341797,0.9199944734573364,0.7241899371147156
SB75658_component_355a,229.693022,-25.035834,15.173999786376953,88.2209243774414,229.6930389404297,-25.0357723236084,17.461620330810547,1.1039470434188843,0.868991494178772
SB75658_component_358a,228.364232,-24.671611,15.446000099182129,92.49102020263672,228.36428833007812,-24.671634674072266,21.109472274780273,0.9295470714569092,0.7317094206809998
SB75658_component_362a,228.825659,-21.792738,14.343999862670898,81.5,228.8257293701172,-21.792682647705078,18.63552474975586,0.9778255224227905,0.7697126865386963
SB75658_component_363a,228.87241,-25.783703,14.920000076293945,54.0579719543457,228.87249755859375,-25.783552169799805,20.003278732299805,0.947546124458313,0.745877742767334
SB75658_component_364a,226.706973,-23.936482,14.85099983215332,91.11042785644531,226.70697021484375,-23.936452865600586,21.005985260009766,0.8981426954269409,0.7069889903068542
SB75658_component_369a,227.45104,-24.95939,14.722000122070312,87.63095092773438,227.4510955810547,-24.959375381469727,17.840717315673828,1.0483039617538452,0.8251910209655762
SB75658_component_370a,230.841414,-21.127836,14.437999725341797,63.324562072753906,230.8414764404297,-21.127838134765625,19.448556900024414,0.9430882930755615,0.7423686981201172
SB75658_component_371a,225.884009,-23.673277,14.381999969482422,79.89999389648438,225.88401794433594,-23.673297882080078,17.92151641845703,1.0194765329360962,0.8024990558624268
SB75658_component_373a,232.292142,-24.74354,14.916000366210938,15.081900596618652,232.2922821044922,-24.743566513061523,14.2293701171875,1.3316786289215088,1.0482544898986816
SB75658_component_374a,232.249367,-21.064504,13.868000030517578,13.529756546020508,232.2493438720703,-21.064395904541016,17.099912643432617,1.0302737951278687,0.8109983205795288
SB75658_component_375a,225.5731,-21.560764,14.173999786376953,47.089698791503906,225.57315063476562,-21.560791015625,16.6061954498291,1.0843138694763184,0.85353684425354
SB75658_component_376a,230.244401,-21.295822,14.154999732971191,83.26470184326172,230.24436950683594,-21.295799255371094,20.196186065673828,0.890375554561615,0.7008748650550842
SB75658_component_378a,227.772576,-24.192091,14.295999526977539,80.76835632324219,227.7725830078125,-24.192102432250977,19.79428482055664,0.9175028800964355,0.7222286462783813
SB75658_component_381a,227.013939,-24.012806,15.223999977111816,86.01129913330078,227.013916015625,-24.01280975341797,24.00543785095215,0.8056600689888,0.6341896653175354
SB75658_component_384a,229.399904,-22.480687,14.097999572753906,82.44444274902344,229.39990234375,-22.48065185546875,19.95685577392578,0.8974248766899109,0.7064238786697388
SB75658_component_385a,225.146129,-24.879507,13.729999542236328,37.411441802978516,225.14622497558594,-24.879497528076172,20.002540588378906,0.8720031976699829,0.6864128112792969
SB75658_component_387a,224.842796,-24.129787,14.057000160217285,26.623106002807617,224.84280395507812,-24.129817962646484,17.85125732421875,1.0003606081008911,0.7874515652656555
SB75658_component_389a,225.646216,-20.650705,12.916999816894531,15.26832103729248,225.6460418701172,-20.65086555480957,17.408723831176758,0.9426000118255615,0.7419843077659607
SB75658_component_391a,225.966501,-20.724472,14.836999893188477,33.720455169677734,225.96649169921875,-20.72454833984375,25.328115463256836,0.74417644739151,0.5857917070388794
SB75658_component_392a,228.004473,-22.934353,13.675999641418457,84.41975402832031,228.0044708251953,-22.934343338012695,18.959218978881836,0.9163710474967957,0.7213377356529236
SB75658_component_393a,228.25066,-24.876974,13.411999702453613,78.89411163330078,228.25070190429688,-24.876949310302734,16.152379989624023,1.0548475980758667,0.8303419947624207
SB75658_component_396a,231.443475,-24.110702,13.515000343322754,57.02531814575195,231.44345092773438,-24.110698699951172,19.100862503051758,0.8988677859306335,0.7075597047805786
SB75658_component_405a,225.644494,-22.99034,13.210000038146973,48.03636169433594,225.64454650878906,-22.99028968811035,20.686105728149414,0.8112538456916809,0.6385928988456726
SB75658_component_406a,230.011187,-22.454931,13.026000022888184,68.55789947509766,230.01119995117188,-22.45494270324707,7.502692699432373,2.205599308013916,1.736176609992981
SB75658_component_407a,225.640201,-21.956235,13.937999725341797,67.33332824707031,225.6402587890625,-21.956201553344727,20.190948486328125,0.8769532442092896,0.6903092861175537
SB75658_component_408a,228.998361,-22.422863,13.663000106811523,75.0714340209961,228.9983367919922,-22.422821044921875,17.710697174072266,0.9800385236740112,0.7714546918869019
SB75658_component_412a,229.077596,-25.14064,13.086999893188477,76.98235321044922,229.07762145996094,-25.140583038330078,16.460674285888672,1.0100089311599731,0.7950463891029358
SB75658_component_413a,230.431901,-24.950465,12.868000030517578,75.6941146850586,230.43190002441406,-24.950450897216797,11.485373497009277,1.423307180404663,1.120381474494934
SB75658_component_416a,224.959885,-23.701511,13.697999954223633,28.537500381469727,224.96002197265625,-23.701555252075195,16.734718322753906,1.0398519039154053,0.8185378313064575
SB75658_component_418a,229.048136,-25.450354,13.661999702453613,76.32402038574219,229.0482177734375,-25.450265884399414,16.997188568115234,1.0211037397384644,0.8037799596786499
SB75658_component_421a,231.747919,-25.336448,12.684000015258789,18.171918869018555,231.7477569580078,-25.33646011352539,17.864910125732422,0.9019616842269897,0.7099951505661011
SB75658_component_423a,227.046937,-24.171214,13.145999908447266,77.32940673828125,227.046875,-24.17119026184082,16.664350509643555,1.0021620988845825,0.7888696193695068
SB75658_component_425a,231.263686,-23.380025,12.977999687194824,58.72397994995117,231.26361083984375,-23.38011360168457,17.114349365234375,0.9633410573005676,0.7583110332489014
SB75658_component_426a,225.469117,-21.220781,13.10200023651123,23.865209579467773,225.4691925048828,-21.220815658569336,17.51207733154297,0.9504573345184326,0.7481693625450134
SB75658_component_427a,226.288658,-25.159466,12.163000106811523,66.82967376708984,226.28875732421875,-25.159452438354492,9.208639144897461,1.6779459714889526,1.3208249807357788
SB75658_component_428a,227.207963,-22.027872,12.970000267028809,82.08860778808594,227.20799255371094,-22.027860641479492,17.887802124023438,0.9211189150810242,0.7250751256942749
SB75658_component_433a,227.914807,-22.595918,11.72599983215332,69.79762268066406,227.91482543945312,-22.595911026000977,17.19178581237793,0.866486132144928,0.6820698976516724
SB75658_component_439a,227.627804,-20.719761,11.027999877929688,26.132701873779297,227.62789916992188,-20.71979522705078,20.184322357177734,0.6940892338752747,0.5463646054267883
SB75658_component_442a,227.371561,-22.142235,11.5600004196167,72.70440673828125,227.37155151367188,-22.142255783081055,20.32670783996582,0.7224761843681335,0.5687099099159241
SB75658_component_444a,225.682998,-23.00823,12.664999961853027,50.05929183959961,225.6830291748047,-23.00823211669922,12.697113037109375,1.2671642303466797,0.9974708557128906
SB75658_component_449a,231.461743,-25.331491,12.45300006866455,30.977611541748047,231.4617462158203,-25.3314151763916,15.158748626708984,1.0436222553253174,0.8215057849884033
SB75658_component_452a,225.592149,-22.784151,12.305000305175781,39.06349182128906,225.5922393798828,-22.783964157104492,20.942340850830078,0.7464300990104675,0.5875656604766846
SB75658_component_458a,228.663399,-26.094248,12.15999984741211,21.63701057434082,228.6636505126953,-26.09422492980957,15.862921714782715,0.9738299250602722,0.7665674686431885
SB75658_component_459a,225.373692,-24.48213,11.159000396728516,26.380615234375,225.373779296875,-24.4821834564209,15.775660514831543,0.898608386516571,0.7073554992675781
SB75658_component_460a,225.432557,-24.48552,11.75100040435791,32.73259353637695,225.43260192871094,-24.485576629638672,19.407976150512695,0.7691788077354431,0.6054727435112
SB75658_component_461a,229.324717,-24.664046,11.375,70.21604919433594,229.32485961914062,-24.663984298706055,12.018064498901367,1.2024017572402954,0.9464918375015259
SB75658_component_466a,229.090755,-25.349144,11.180000305175781,61.42857360839844,229.09083557128906,-25.34901237487793,15.890752792358398,0.8937788009643555,0.7035538554191589
SB75658_component_469a,224.733218,-25.1033,12.482999801635742,16.914634704589844,224.73342895507812,-25.103195190429688,15.8303861618042,1.0017518997192383,0.7885467410087585
SB75658_component_474a,229.314986,-23.825881,11.902999877929688,70.85118865966797,229.31509399414062,-23.82592010498047,15.473492622375488,0.9772390127182007,0.7692509889602661
SB75658_component_475a,230.730176,-23.898732,11.14799976348877,60.58695602416992,230.73028564453125,-23.89878273010254,4.850790023803711,2.919558525085449,2.298182249069214
SB75658_component_479a,229.701,-24.182861,11.118000030517578,58.51578903198242,229.7009735107422,-24.182918548583984,13.330560684204102,1.059524416923523,0.8340234160423279
SB75658_component_487a,231.709907,-23.606487,10.263999938964844,19.18504524230957,231.70989990234375,-23.606517791748047,14.914565086364746,0.8742563128471375,0.6881863474845886
SB75658_component_492a,226.685431,-21.202182,10.970999717712402,54.85499954223633,226.68539428710938,-21.20220947265625,12.416227340698242,1.1225075721740723,0.883601725101471
SB75658_component_496a,228.353326,-21.457621,10.727999687194824,65.01818084716797,228.3534393310547,-21.4575252532959,13.696317672729492,0.9950562715530396,0.7832762002944946
SB75658_component_497a,229.212916,-22.473097,10.579000473022461,61.50581359863281,229.21290588378906,-22.473079681396484,14.917177200317383,0.90092933177948,0.7091824412345886
SB75658_component_499a,226.580604,-25.555494,9.954000473022461,44.83784103393555,226.5806884765625,-25.555463790893555,12.753045082092285,0.9915542006492615,0.7805194854736328
SB75658_component_500a,229.661688,-24.573028,10.067999839782715,60.28742599487305,229.66177368164062,-24.572954177856445,13.090611457824707,0.9770481586456299,0.7691007852554321
SB75658_component_504a,226.028547,-23.015977,10.413000106811523,52.85786819458008,226.0286102294922,-23.015880584716797,16.51417350769043,0.801035463809967,0.6305492520332336
SB75658_component_505a,230.654332,-24.503235,10.527000427246094,51.857147216796875,230.65432739257812,-24.50326156616211,13.929506301879883,0.9600672125816345,0.7557339072227478
SB75658_component_509a,230.528097,-25.105287,10.432999610900879,58.94350051879883,230.52809143066406,-25.105226516723633,14.173066139221191,0.9351431727409363,0.736114501953125
SB75658_component_512a,227.092726,-22.483244,9.744999885559082,57.6627197265625,227.09268188476562,-22.483211517333984,9.685962677001953,1.2781203985214233,1.0060951709747314
SB75658_component_515a,229.27448,-20.91881,9.359999656677246,39.0,229.27455139160156,-20.918704986572266,10.900434494018555,1.0908492803573608,0.858681321144104
SB75658_component_517a,224.630692,-25.655632,9.086999893188477,26.726469039916992,224.63076782226562,-25.655746459960938,16.450708389282227,0.7017277479171753,0.5523774027824402
SB75658_component_520a,228.81855,-21.661737,9.956000328063965,56.56818389892578,228.81861877441406,-21.661624908447266,8.056145668029785,1.569966197013855,1.2358267307281494
SB75658_component_522a,227.434167,-25.447499,10.114999771118164,53.803192138671875,227.43418884277344,-25.447477340698242,14.46115779876709,0.888577938079834,0.6994599103927612
SB75658_component_525a,227.428933,-22.545234,10.565999984741211,61.43022918701172,227.4288787841797,-22.545228958129883,14.15880012512207,0.9480186104774475,0.7462496757507324
SB75658_component_526a,231.71166,-21.779039,10.050999641418457,25.064836502075195,231.7115936279297,-21.779123306274414,10.150588989257812,1.25791335105896,0.9901888370513916
SB75658_component_529a,227.559082,-20.573104,10.154999732971191,17.508621215820312,227.5592498779297,-20.57306480407715,11.256629943847656,1.1460517644882202,0.9021350145339966
SB75658_component_531a,229.321211,-25.830372,9.666999816894531,27.15449333190918,229.3212432861328,-25.83026123046875,14.287873268127441,0.8595216870307922,0.6765877604484558
SB75658_component_532a,231.577153,-23.455606,9.286999702453613,23.874034881591797,231.5771484375,-23.455739974975586,14.2222261428833,0.8295462131500244,0.6529920101165771
SB75658_component_536a,231.737424,-22.35355,9.616000175476074,22.15668296813965,231.7373046875,-22.353788375854492,14.944809913635254,0.81740403175354,0.6434341073036194
SB75658_component_537a,232.126894,-23.279881,10.005000114440918,10.734978675842285,232.12689208984375,-23.27993392944336,12.91946792602539,0.9837962985038757,0.7744126915931702
SB75658_component_538a,226.105154,-22.55098,9.41100025177002,51.426231384277344,226.10520935058594,-22.550973892211914,4.621400356292725,2.58699107170105,2.036395788192749
SB75658_component_539a,228.277809,-25.376425,10.586999893188477,41.84585189819336,228.27781677246094,-25.37635612487793,14.747713088989258,0.9119707942008972,0.7178739905357361
SB75658_component_541a,225.663118,-20.726311,10.282999992370605,14.753227233886719,225.66305541992188,-20.726303100585938,9.582199096679688,1.3632872104644775,1.0731357336044312
SB75658_component_542a,229.222644,-22.15556,9.201000213623047,56.447853088378906,229.22264099121094,-22.155519485473633,11.823997497558594,0.9885609149932861,0.7781632542610168
SB75658_component_547a,226.032906,-25.810738,9.548999786376953,22.52122688293457,226.0330047607422,-25.810579299926758,13.21488094329834,0.9179676175117493,0.7225944399833679
SB75658_component_548a,228.495556,-24.120566,10.29699993133545,57.52513885498047,228.49557495117188,-24.12061309814453,16.274078369140625,0.8037981986999512,0.6327239871025085
SB75658_component_551a,229.444004,-20.662692,9.444999694824219,21.712642669677734,229.4439697265625,-20.662677764892578,13.282431602478027,0.9033521413803101,0.7110896706581116
SB75658_component_554a,228.957413,-23.501416,9.456000328063965,58.012271881103516,228.95741271972656,-23.5014705657959,10.643994331359863,1.128588318824768,0.8883883357048035
SB75658_component_555a,225.072239,-21.959563,9.545000076293945,21.164079666137695,225.07211303710938,-21.959684371948242,13.649847030639648,0.888343334197998,0.6992752552032471
SB75658_component_556a,227.300141,-20.409181,9.444999694824219,10.684389114379883,227.300048828125,-20.40936279296875,12.826454162597656,0.9354661107063293,0.736368715763092
SB75658_component_561a,231.372349,-23.897158,9.529999732971191,35.296295166015625,231.372314453125,-23.89724349975586,13.672422409057617,0.8854828476905823,0.6970235109329224
SB75658_component_564a,231.813353,-24.88885,9.472999572753906,23.982276916503906,231.81312561035156,-24.888805389404297,12.133746147155762,0.9918028116226196,0.7807151675224304
SB75658_component_567a,228.548019,-24.403923,9.861000061035156,59.763633728027344,228.5480499267578,-24.403919219970703,15.186766624450684,0.8248754143714905,0.6493152976036072
SB75658_component_569a,230.221791,-25.789641,9.682999610900879,28.14825439453125,230.2219696044922,-25.789588928222656,10.384625434875488,1.184545636177063,0.9324361085891724
SB75658_component_570a,232.226608,-22.964432,9.208000183105469,11.01435375213623,232.22642517089844,-22.964679718017578,10.310492515563965,1.134536862373352,0.8930708169937134
SB75658_component_573a,228.057196,-22.870568,9.397000312805176,59.8535041809082,228.05718994140625,-22.870540618896484,12.569944381713867,0.9497047662734985,0.747576892375946
SB75658_component_574a,226.206774,-23.985532,8.401000022888184,49.41764831542969,226.20672607421875,-23.985551834106445,11.725846290588379,0.9101637005805969,0.7164514660835266
SB75658_component_575a,228.318619,-23.926727,9.197999954223633,55.07784652709961,228.3187255859375,-23.926803588867188,12.213942527770996,0.9566878080368042,0.7530738115310669
SB75658_component_577a,227.59248,-23.409055,9.109999656677246,56.9375,227.5924530029297,-23.409061431884766,13.566394805908203,0.8530738353729248,0.6715121865272522
SB75658_component_580a,229.230812,-22.570855,9.557000160217285,56.217647552490234,229.23074340820312,-22.5707950592041,12.803132057189941,0.9482832551002502,0.7464579939842224
SB75658_component_582a,230.154853,-24.538842,9.684000015258789,56.63157653808594,230.15480041503906,-24.53883171081543,14.559508323669434,0.8449690341949463,0.6651323437690735
SB75658_component_584a,231.339923,-25.166692,9.812999725341797,33.0404052734375,231.33998107910156,-25.166667938232422,15.390053749084473,0.810017466545105,0.6376196146011353
SB75658_component_586a,230.910303,-20.731356,8.668999671936035,22.634464263916016,230.9103546142578,-20.731441497802734,12.983213424682617,0.8482414484024048,0.6677083373069763
SB75658_component_587a,230.149977,-26.163336,8.406000137329102,11.515068054199219,230.15003967285156,-26.163211822509766,7.820534706115723,1.3654810190200806,1.0748625993728638
SB75658_component_589a,226.790447,-22.501141,8.6899995803833,49.09604263305664,226.79046630859375,-22.50104331970215,13.571179389953613,0.8134575486183167,0.640327513217926
SB75658_component_595a,230.370135,-21.886454,8.61299991607666,52.84048843383789,230.37008666992188,-21.886396408081055,12.062294006347656,0.9071043729782104,0.7140432596206665
SB75658_component_596a,225.043491,-23.850336,8.871999740600586,21.023696899414062,225.0435028076172,-23.850309371948242,10.906454086303711,1.0334051847457886,0.8134632706642151
SB75658_component_597a,225.963969,-25.983854,8.555000305175781,13.181818962097168,225.96409606933594,-25.983688354492188,10.46087646484375,1.038926124572754,0.8178091049194336
SB75658_component_599a,230.680434,-23.975712,8.321999549865723,48.38371658325195,230.6803741455078,-23.975692749023438,11.062122344970703,0.9557008147239685,0.7522968053817749
SB75658_component_601a,227.261343,-21.266477,9.496000289916992,54.89017868041992,227.2613525390625,-21.26648712158203,13.93394947052002,0.8657633662223816,0.6815009713172913
SB75658_component_602a,226.849296,-24.238748,8.751999855041504,48.35359191894531,226.84930419921875,-24.23872947692871,13.896015167236328,0.8001101016998291,0.6298208236694336
SB75658_component_605a,228.161028,-22.609891,8.340999603271484,53.127384185791016,228.1610565185547,-22.609928131103516,11.75639533996582,0.9013150334358215,0.7094861268997192
SB75658_component_611a,226.456389,-22.521219,8.78499984741211,49.35393142700195,226.45639038085938,-22.52103042602539,11.929707527160645,0.9355018734931946,0.7363969087600708
SB75658_component_612a,231.469542,-21.720166,8.399999618530273,31.818180084228516,231.46971130371094,-21.72010612487793,10.9522705078125,0.9743338823318481,0.7669641971588135
SB75658_component_613a,230.295251,-23.285999,7.956999778747559,37.356807708740234,230.2953643798828,-23.286100387573242,12.979620933532715,0.7787894606590271,0.6130379438400269
SB75658_component_617a,226.10967,-24.155186,8.484000205993652,46.10869598388672,226.10963439941406,-24.1551456451416,13.118471145629883,0.8215805888175964,0.6467217206954956
SB75658_component_618a,231.924984,-24.639848,8.732999801635742,23.475805282592773,231.92489624023438,-24.639802932739258,11.097545623779297,0.9996989369392395,0.7869307398796082
SB75658_component_619a,227.604934,-24.317073,8.081999778747559,44.65193557739258,227.60496520996094,-24.317068099975586,11.739912033081055,0.8745542168617249,0.688420832157135
SB75658_component_621a,231.0388,-24.482432,8.321000099182129,40.990150451660156,231.03875732421875,-24.482393264770508,13.208287239074707,0.8003164529800415,0.6299833059310913
SB75658_component_622a,225.902936,-22.932202,8.288000106811523,39.46666717529297,225.9030303955078,-22.932119369506836,12.720741271972656,0.8276944160461426,0.651534378528595
SB75658_component_623a,229.315929,-20.907735,8.805000305175781,37.309322357177734,229.3159942626953,-20.907690048217773,12.04092788696289,0.928970992565155,0.7312559485435486
SB75658_component_624a,231.548461,-23.297238,8.571000099182129,29.153060913085938,231.5484161376953,-23.297351837158203,11.029081344604492,0.9872448444366455,0.7771272659301758
SB75658_component_628a,230.366139,-24.080283,8.090999603271484,45.971588134765625,230.3660430908203,-24.080373764038086,11.253490447998047,0.9133719801902771,0.7189769148826599
SB75658_component_634a,229.800895,-24.933599,8.125,47.23836898803711,229.80101013183594,-24.933536529541016,9.626792907714844,1.07219660282135,0.8439986109733582
SB75658_component_637a,225.036999,-24.964603,8.753999710083008,21.40342140197754,225.03692626953125,-24.96453094482422,9.885987281799316,1.1249136924743652,0.8854957222938538
SB75658_component_646a,225.783681,-21.970716,8.100000381469727,44.505496978759766,225.7837371826172,-21.9706974029541,11.225574493408203,0.9166619181632996,0.7215666770935059
SB75658_component_649a,231.360412,-20.497836,7.48199987411499,12.638513565063477,231.3604736328125,-20.497648239135742,6.465914249420166,1.4700106382369995,1.1571449041366577
SB75658_component_651a,230.252367,-21.677501,7.803999900817871,46.73054122924805,230.2523193359375,-21.677522659301758,11.41484260559082,0.8685204982757568,0.6836712956428528
SB75658_component_652a,227.693473,-22.378377,7.195000171661377,46.41935729980469,227.6934356689453,-22.378387451171875,10.837372779846191,0.8434114456176758,0.6639063358306885
SB75658_component_653a,230.331955,-21.385264,8.00100040435791,45.98276138305664,230.33184814453125,-21.385238647460938,7.534354209899902,1.3490591049194336,1.0619357824325562
SB75658_component_654a,229.647408,-25.384286,7.558000087738037,41.3005485534668,229.6474609375,-25.384191513061523,9.030059814453125,1.0632833242416382,0.8369823098182678
SB75658_component_656a,228.351197,-22.755345,7.557000160217285,46.937889099121094,228.35116577148438,-22.755334854125977,16.60666275024414,0.5780957341194153,0.45505833625793457
SB75658_component_658a,227.166331,-23.848755,7.196000099182129,43.34939956665039,227.1664276123047,-23.848787307739258,6.359022617340088,1.4375848770141602,1.1316204071044922
SB75658_component_660a,230.376605,-22.036461,7.339000225067139,42.66860580444336,230.3766326904297,-22.036420822143555,8.822602272033691,1.0567516088485718,0.8318407535552979
SB75658_component_662a,225.30903,-22.838264,6.936999797821045,12.705127716064453,225.30914306640625,-22.838197708129883,6.731570720672607,1.3091456890106201,1.0305172204971313
SB75658_component_666a,228.434866,-23.416056,7.545000076293945,42.869319915771484,228.4349365234375,-23.41610336303711,10.399343490600586,0.9216924905776978,0.7255265712738037
SB75658_component_668a,228.380431,-23.460299,7.4079999923706055,42.33142852783203,228.38046264648438,-23.4603271484375,10.488377571105957,0.8972746133804321,0.7063056230545044
SB75658_component_670a,227.394205,-24.796454,7.6020002365112305,44.19767379760742,227.39422607421875,-24.79648208618164,11.043763160705566,0.8744671940803528,0.6883523464202881
SB75658_component_676a,225.830587,-25.43002,6.989999771118164,34.60395812988281,225.8307342529297,-25.429821014404297,5.039510726928711,1.7620632648468018,1.3870394229888916
SB75658_component_677a,227.598211,-23.354705,7.446000099182129,42.5485725402832,227.59820556640625,-23.354665756225586,10.857709884643555,0.8711993098258972,0.6857799887657166
SB75658_component_678a,230.44767,-25.586333,8.08899974822998,32.74898910522461,230.4476776123047,-25.5861759185791,9.192076683044434,1.117928147315979,0.8799969553947449
SB75658_component_681a,229.344381,-24.109312,7.318999767303467,38.31937026977539,229.3443603515625,-24.109386444091797,9.008857727050781,1.03208327293396,0.8124226331710815
SB75658_component_682a,230.475551,-21.821465,7.1539998054504395,40.880001068115234,230.4755859375,-21.821517944335938,10.501309394836426,0.8654424548149109,0.6812483668327332
SB75658_component_686a,225.06695,-21.777178,7.117000102996826,13.10681438446045,225.06695556640625,-21.777055740356445,9.954092025756836,0.9082973599433899,0.7149823307991028
SB75658_component_692a,227.353801,-25.107978,7.067999839782715,41.57646942138672,227.3538818359375,-25.108028411865234,8.752016067504883,1.0259380340576172,0.8075853586196899
SB75658_component_698a,228.074201,-20.773977,6.769000053405762,19.792396545410156,228.07431030273438,-20.77397346496582,10.807745933532715,0.795650064945221,0.6263100504875183
SB75658_component_699a,227.640014,-25.331177,7.507999897003174,43.39884567260742,227.6399688720703,-25.331146240234375,10.697383880615234,0.8916192054748535,0.7018538117408752
SB75658_component_700a,227.478065,-26.196224,6.613999843597412,10.633440971374512,227.47772216796875,-26.196063995361328,9.002427101135254,0.9333344101905823,0.7346907258033752
SB75658_component_701a,228.059496,-21.115206,7.0929999351501465,36.374359130859375,228.05966186523438,-21.115089416503906,9.729907035827637,0.9260916709899902,0.7289894819259644
SB75658_component_702a,230.178979,-21.923768,6.308000087738037,37.5476188659668,230.17901611328125,-21.92376136779785,9.610176086425781,0.8338598608970642,0.6563875675201416
SB75658_component_707a,226.771403,-20.559108,7.35099983215332,10.988040924072266,226.77133178710938,-20.559242248535156,12.053359031677246,0.7747668623924255,0.6098714470863342
SB75658_component_709a,228.991147,-25.641728,6.73799991607666,31.63380241394043,228.9912109375,-25.6416015625,9.373208999633789,0.9132199883460999,0.7188573479652405
SB75658_component_712a,226.176805,-23.13141,6.750999927520752,40.18452453613281,226.1769256591797,-23.131380081176758,7.575104236602783,1.132171392440796,0.891208827495575
SB75658_component_715a,230.04415,-21.524521,6.744999885559082,40.148807525634766,230.044189453125,-21.524551391601562,8.009730339050293,1.0697855949401855,0.8421007394790649
SB75658_component_719a,228.739645,-26.253716,7.281000137329102,12.05463695526123,228.73983764648438,-26.253753662109375,10.634902954101562,0.8697415590286255,0.6846324801445007
SB75658_component_721a,231.431887,-25.266839,6.834000110626221,20.96319007873535,231.43185424804688,-25.26689338684082,6.5849714279174805,1.3184200525283813,1.0378177165985107
SB75658_component_722a,227.788779,-22.44994,6.24399995803833,38.30674743652344,227.7887725830078,-22.44997787475586,8.556212425231934,0.9270732998847961,0.7297621369361877
SB75658_component_726a,226.406674,-25.489519,6.978000164031982,32.15668487548828,226.4067840576172,-25.489526748657227,10.348453521728516,0.8566200733184814,0.6743036508560181
SB75658_component_729a,230.153129,-22.331338,6.328000068664551,33.659576416015625,230.153076171875,-22.331289291381836,9.208640098571777,0.8729787468910217,0.687180757522583
SB75658_component_732a,225.010162,-25.154758,6.73799991607666,17.592689514160156,225.0101318359375,-25.154659271240234,8.063968658447266,1.0614875555038452,0.8355687260627747
SB75658_component_733a,227.380467,-24.719486,7.064000129699707,40.1363639831543,227.38046264648438,-24.719453811645508,9.851634979248047,0.9109092354774475,0.7170383334159851
SB75658_component_734a,225.875455,-22.433562,6.3429999351501465,32.36224365234375,225.8753204345703,-22.433435440063477,5.2323899269104,1.5400233268737793,1.2122567892074585
SB75658_component_738a,230.806566,-21.274261,6.270999908447266,30.29468536376953,230.80650329589844,-21.274288177490234,9.153281211853027,0.8703474998474121,0.6851094961166382
SB75658_component_747a,231.833836,-23.076608,5.9079999923706055,18.234567642211914,231.83375549316406,-23.076738357543945,8.348306655883789,0.8990313410758972,0.7076884508132935
SB75658_component_748a,225.635451,-25.191339,6.7230000495910645,35.198951721191406,225.63558959960938,-25.191213607788086,6.627155780792236,1.2887498140335083,1.0144623517990112
SB75658_component_751a,228.790557,-20.676448,5.784999847412109,11.854507446289062,228.7906951904297,-20.676349639892578,8.469565391540527,0.8677107095718384,0.68303382396698
SB75658_component_752a,228.906712,-24.169728,6.682000160217285,41.50310516357422,228.90682983398438,-24.169710159301758,5.91188907623291,1.43586266040802,1.1302647590637207
SB75658_component_753a,227.944455,-24.163028,6.0229997634887695,37.179012298583984,227.94447326660156,-24.163076400756836,9.266731262207031,0.8256937265396118,0.6499594449996948
SB75658_component_754a,225.915557,-23.256075,6.638999938964844,37.72159194946289,225.91551208496094,-23.256053924560547,11.512101173400879,0.7326233983039856,0.5766974687576294
SB75658_component_756a,226.096328,-25.113993,6.572000026702881,34.589473724365234,226.0963897705078,-25.11403465270996,3.463226318359375,2.4107346534729004,1.897652506828308
SB75658_component_757a,225.875784,-21.890109,6.940000057220459,37.11229705810547,225.8758087158203,-21.89006233215332,9.356353759765625,0.9422920942306519,0.741741955280304
SB75658_component_758a,228.779589,-22.467654,6.502999782562256,32.51499938964844,228.77960205078125,-22.467578887939453,9.164307594299316,0.9014607071876526,0.7096007466316223
SB75658_component_759a,225.094254,-25.436616,6.739999771118164,20.738462448120117,225.09434509277344,-25.43656349182129,9.133856773376465,0.9374290108680725,0.7379139065742493
SB75658_component_761a,229.447722,-24.658147,6.771999835968018,40.79518127441406,229.44775390625,-24.658151626586914,8.763415336608887,0.9816942811012268,0.7727580666542053
SB75658_component_763a,226.404632,-22.644912,6.00600004196167,35.75,226.40472412109375,-22.64475440979004,8.016722679138184,0.9517462849617004,0.7491839528083801
SB75658_component_773a,228.643211,-24.575325,6.441999912261963,39.042423248291016,228.64320373535156,-24.57529067993164,9.440285682678223,0.8668985366821289,0.6823945641517639
SB75658_component_776a,230.556713,-23.881617,6.708000183105469,40.40964126586914,230.55674743652344,-23.881685256958008,8.924613952636719,0.9548526406288147,0.7516291737556458
SB75658_component_777a,231.471939,-25.080618,6.355000019073486,18.857566833496094,231.47195434570312,-25.08054542541504,7.012178897857666,1.1513179540634155,0.9062803387641907
SB75658_component_779a,228.706574,-25.116755,5.915999889373779,38.16773986816406,228.70663452148438,-25.11666488647461,9.825998306274414,0.7648639678955078,0.6020762324333191
SB75658_component_780a,227.019752,-23.965423,5.809999942779541,34.58333206176758,227.01971435546875,-23.96541976928711,7.269371032714844,1.0153411626815796,0.7992438077926636
SB75658_component_783a,227.008938,-20.784871,6.343999862670898,18.388404846191406,227.00901794433594,-20.784940719604492,7.099706649780273,1.1351559162139893,0.8935580253601074
SB75658_component_786a,231.736328,-24.227114,5.374000072479248,18.404109954833984,231.73629760742188,-24.22702407836914,8.809785842895508,0.7749345898628235,0.6100034713745117
SB75658_component_787a,230.521872,-21.89296,5.980000019073486,34.76744079589844,230.52186584472656,-21.892932891845703,8.747288703918457,0.8684812188148499,0.6836404204368591
SB75658_component_794a,225.561601,-21.407334,5.814000129699707,15.462766647338867,225.56166076660156,-21.407377243041992,9.466299057006836,0.7802387475967407,0.6141787767410278
SB75658_component_795a,229.16545,-23.519093,6.438000202178955,41.006370544433594,229.16555786132812,-23.51915740966797,8.452454566955566,0.9676111340522766,0.7616722583770752
SB75658_component_796a,229.239085,-24.124139,5.811999797821045,31.934064865112305,229.23928833007812,-24.12409782409668,5.433487415313721,1.3588755130767822,1.0696629285812378
SB75658_component_801a,230.998953,-24.46701,5.692999839782715,29.19487190246582,230.99891662597656,-24.466962814331055,8.267431259155273,0.8747889995574951,0.6886056661605835
SB75658_component_803a,225.54254,-25.988712,5.765999794006348,11.024856567382812,225.54263305664062,-25.988691329956055,7.839471817016602,0.9343735575675964,0.7355086803436279
SB75658_component_804a,226.620875,-22.399827,5.870999813079834,34.53529357910156,226.6208038330078,-22.39981460571289,5.084207534790039,1.4669709205627441,1.154752254486084
SB75658_component_809a,225.980382,-25.472828,5.998000144958496,27.768518447875977,225.9803009033203,-25.472734451293945,7.058076858520508,1.0795749425888062,0.8498066067695618
SB75658_component_813a,230.17903,-24.461115,5.76800012588501,33.341041564941406,230.17906188964844,-24.461040496826172,6.485162258148193,1.1298925876617432,0.88941490650177
SB75658_component_815a,226.728194,-21.990506,5.691999912261963,34.70731735229492,226.72833251953125,-21.990388870239258,5.995153903961182,1.2061387300491333,0.9494335055351257
SB75658_component_818a,225.933727,-22.104547,6.242000102996826,36.934913635253906,225.93373107910156,-22.1044921875,7.654675006866455,1.0359283685684204,0.8154494166374207
SB75658_component_819a,230.919775,-26.042058,5.642000198364258,10.371323585510254,230.9197540283203,-26.04175567626953,6.092764854431152,1.176390290260315,0.9260163903236389
SB75658_component_829a,228.612723,-21.537415,6.019999980926514,36.26506042480469,228.61279296875,-21.537303924560547,9.351764678955078,0.8177784085273743,0.6437287926673889
SB75658_component_831a,230.319528,-20.734874,6.189000129699707,18.41964340209961,230.3195037841797,-20.734800338745117,8.170762062072754,0.9622560143470764,0.75745689868927
SB75658_component_832a,225.469943,-25.428188,5.294000148773193,24.063636779785156,225.46995544433594,-25.428207397460938,5.725157260894775,1.174706220626831,0.9246907830238342
SB75658_component_834a,226.323523,-23.81124,5.85099983215332,34.41764450073242,226.32369995117188,-23.81122398376465,9.25747299194336,0.802916407585144,0.6320298910140991
SB75658_component_835a,230.810182,-22.43106,5.563000202178955,30.905555725097656,230.81016540527344,-22.43113899230957,8.1310396194458,0.8691519498825073,0.6841683983802795
SB75658_component_836a,231.269867,-23.830039,5.427000045776367,20.479246139526367,231.2698974609375,-23.830202102661133,7.914737701416016,0.8710759282112122,0.6856828927993774
SB75658_component_841a,230.646836,-24.18348,5.078000068664551,27.155078887939453,230.6468505859375,-24.183502197265625,6.7382001876831055,0.9573737382888794,0.7536137104034424
SB75658_component_842a,230.019843,-21.124732,5.311999797821045,28.55913734436035,230.0197296142578,-21.12482261657715,6.678554058074951,1.010434865951538,0.7953817248344421
SB75658_component_844a,227.735195,-24.95979,5.913000106811523,31.285715103149414,227.7350311279297,-24.95988655090332,7.80234432220459,0.9627543687820435,0.7578491568565369
SB75658_component_845a,226.845861,-20.48814,5.559000015258789,13.33093547821045,226.8458251953125,-20.488170623779297,7.300631523132324,0.9673173427581787,0.7614409923553467
SB75658_component_852a,231.265059,-25.359946,5.84499979019165,21.10108184814453,231.2650146484375,-25.35991668701172,5.3498711585998535,1.3879501819610596,1.0925496816635132
SB75658_component_853a,228.30254,-24.162983,5.541999816894531,32.599998474121094,228.3026580810547,-24.163053512573242,11.385845184326172,0.6183493733406067,0.4867447018623352
SB75658_component_855a,225.85838,-22.226052,5.076000213623047,27.737707138061523,225.8584747314453,-22.226003646850586,6.863845348358154,0.9394785165786743,0.73952716588974
SB75658_component_856a,232.012109,-24.602731,5.664000034332275,13.11111068725586,232.01199340820312,-24.6029052734375,7.257702827453613,0.9914180040359497,0.7804122567176819
SB75658_component_857a,225.298305,-24.429528,5.806000232696533,11.23017406463623,225.29843139648438,-24.429615020751953,6.857299327850342,1.07561457157135,0.8466890454292297
SB75658_component_858a,230.455816,-20.990524,5.675000190734863,24.356224060058594,230.45574951171875,-20.990564346313477,6.414259910583496,1.1239631175994873,0.8847474455833435
SB75658_component_859a,226.877848,-23.941822,5.682000160217285,33.42353057861328,226.87767028808594,-23.941844940185547,8.591039657592773,0.8402107954025269,0.6613867878913879
SB75658_component_860a,231.966404,-24.696078,4.874000072479248,10.73568344116211,231.9662628173828,-24.696189880371094,4.926657199859619,1.2567992210388184,0.9893118143081665
SB75658_component_861a,226.458036,-21.412726,5.281000137329102,30.52601432800293,226.4580078125,-21.41283416748047,7.017261505126953,0.9560514092445374,0.752572774887085
SB75658_component_862a,227.330506,-24.431839,5.558000087738037,33.083335876464844,227.33050537109375,-24.431907653808594,6.50445032119751,1.0855270624160767,0.8544918894767761
SB75658_component_863a,225.829956,-21.366787,5.855000019073486,22.871091842651367,225.82997131347656,-21.36676597595215,7.9721455574035645,0.9330058693885803,0.7344321608543396
SB75658_component_866a,224.969609,-23.539889,5.257999897003174,10.289628028869629,224.9694366455078,-23.539960861206055,7.673618316650391,0.8704685568809509,0.6852047443389893
SB75658_component_867a,227.636134,-21.702868,5.1529998779296875,31.230300903320312,227.6361083984375,-21.70292091369629,7.313523292541504,0.8950889706611633,0.7045851349830627
SB75658_component_868a,228.737071,-21.057521,5.460999965667725,22.566116333007812,228.73719787597656,-21.057518005371094,2.0135910511016846,3.445352077484131,2.7120699882507324
SB75658_component_873a,228.012041,-23.175394,5.249000072479248,31.81212043762207,228.01206970214844,-23.175434112548828,7.189998149871826,0.927428662776947,0.7300419211387634
SB75658_component_879a,228.461819,-23.715333,5.013000011444092,30.56707191467285,228.46185302734375,-23.71550750732422,7.530401229858398,0.8456921577453613,0.6657015681266785
SB75658_component_880a,225.704989,-24.095813,5.1529998779296875,24.538095474243164,225.7050323486328,-24.095806121826172,6.229846477508545,1.0507889986038208,0.8271471858024597
SB75658_component_883a,230.356038,-24.696977,5.267000198364258,28.93956184387207,230.35595703125,-24.696903228759766,8.374855041503906,0.7989484071731567,0.6289064288139343
SB75658_component_884a,229.180553,-24.569171,5.38700008392334,32.25748825073242,229.18067932128906,-24.569122314453125,6.352993965148926,1.0772122144699097,0.8479466438293457
SB75658_component_888a,225.281067,-25.487459,5.86299991607666,21.555145263671875,225.28121948242188,-25.48729705810547,8.476115226745605,0.8787305951118469,0.6917083859443665
SB75658_component_893a,226.287286,-24.759591,5.4770002365112305,30.59776496887207,226.28729248046875,-24.75957489013672,7.735899448394775,0.8994243741035461,0.7079978585243225
SB75658_component_894a,227.436045,-21.843454,5.684999942779541,36.67741775512695,227.43609619140625,-21.84343910217285,7.3653035163879395,0.9805562496185303,0.771862268447876
SB75658_component_895a,230.603536,-23.042442,5.105000019073486,25.147783279418945,230.60354614257812,-23.042530059814453,7.519524574279785,0.8624582886695862,0.6788992881774902
SB75658_component_896a,225.890817,-23.753324,5.548999786376953,32.834320068359375,225.89073181152344,-23.753198623657227,6.371605396270752,1.1063653230667114,0.8708950877189636
SB75658_component_897a,228.601922,-22.338078,5.066999912261963,27.68852424621582,228.60189819335938,-22.33800506591797,4.704228401184082,1.368343710899353,1.0771160125732422
SB75658_component_898a,226.372103,-25.876843,5.089000225067139,11.725807189941406,226.37245178222656,-25.876583099365234,6.7795515060424805,0.9535955786705017,0.7506396770477295
SB75658_component_900a,225.85205,-20.996133,4.7220001220703125,15.086262702941895,225.85195922851562,-20.995939254760742,3.513533353805542,1.7073187828063965,1.3439463376998901
SB75658_component_902a,229.675508,-24.232331,5.691999912261963,32.9017333984375,229.6754150390625,-24.232309341430664,4.535272598266602,1.594388723373413,1.2550513744354248
SB75658_component_903a,228.263781,-20.777652,5.695000171661377,19.84320640563965,228.26382446289062,-20.777587890625,8.80236530303955,0.821915328502655,0.6469852328300476
SB75658_component_905a,228.309843,-21.634212,5.947000026702881,37.16875076293945,228.3099365234375,-21.63414764404297,9.296323776245117,0.8126797080039978,0.6397152543067932
SB75658_component_906a,229.656473,-21.562253,5.297999858856201,29.597763061523438,229.656494140625,-21.562257766723633,8.180436134338379,0.8227505683898926,0.6476427316665649
SB75658_component_915a,230.326253,-23.071826,5.25,25.0,230.3263397216797,-23.07190704345703,7.857684135437012,0.8487845063209534,0.6681357622146606
SB75658_component_924a,228.400565,-23.833713,5.041999816894531,30.373493194580078,228.40052795410156,-23.833789825439453,6.223458290100098,1.0292093753814697,0.8101604580879211
SB75658_component_930a,230.272591,-21.065422,5.014999866485596,25.201004028320312,230.2725372314453,-21.065570831298828,7.814388751983643,0.815283477306366,0.6417648196220398
SB75658_component_931a,227.986058,-24.185412,4.684000015258789,27.880952835083008,227.98614501953125,-24.18539047241211,6.821017742156982,0.8723694086074829,0.6867010593414307
SB75658_component_932a,230.006136,-24.453039,5.377999782562256,31.82248306274414,230.00611877441406,-24.453067779541016,7.37152099609375,0.9268221259117126,0.7295644879341125
SB75658_component_933a,227.347684,-25.037234,5.072999954223633,29.66666603088379,227.3477325439453,-25.03722381591797,7.130670070648193,0.9037894010543823,0.7114338278770447
SB75658_component_936a,228.041788,-24.787228,4.922999858856201,27.971590042114258,228.04185485839844,-24.78728675842285,6.1916327476501465,1.0100836753845215,0.7951052784919739
SB75658_component_943a,229.738759,-24.781914,4.683000087738037,26.913793563842773,229.73870849609375,-24.781808853149414,3.534970998764038,1.682949185371399,1.3247634172439575
SB75658_component_945a,230.967185,-24.996045,4.880000114440918,24.771574020385742,230.96725463867188,-24.996074676513672,5.8226237297058105,1.064716100692749,0.8381101489067078
SB75658_component_950a,231.664982,-22.992535,5.1479997634887695,21.098360061645508,231.6649627685547,-22.992719650268555,6.429736137390137,1.0171338319778442,0.8006548881530762
SB75658_component_956a,229.804408,-20.722271,4.103000164031982,10.08108139038086,229.80445861816406,-20.722145080566406,5.753758907318115,0.9059048295021057,0.7130990624427795
SB75658_component_962a,226.782286,-24.865694,4.617000102996826,26.687862396240234,226.78231811523438,-24.865829467773438,5.615242958068848,1.0445375442504883,0.8222262263298035
SB75658_component_965a,228.218745,-24.155047,4.432000160217285,25.76744270324707,228.21876525878906,-24.15512466430664,7.995843887329102,0.7041548490524292,0.5542879700660706
SB75658_component_968a,227.66594,-24.365806,4.551000118255615,26.45930290222168,227.66586303710938,-24.36593246459961,4.945154190063477,1.1691217422485352,0.9202948808670044
SB75658_component_969a,230.459924,-24.641692,5.064000129699707,24.346153259277344,230.4598846435547,-24.641775131225586,6.048189163208008,1.0636557340621948,0.8372754454612732
SB75658_component_972a,226.923493,-24.282956,4.743000030517578,27.736841201782227,226.92352294921875,-24.282976150512695,5.5460076332092285,1.0864391326904297,0.8552097678184509
SB75658_component_975a,227.658002,-25.692007,4.7230000495910645,17.62313461303711,227.65805053710938,-25.691787719726562,4.568824768066406,1.313246250152588,1.0337450504302979
SB75658_component_978a,225.6174,-23.964321,4.885000228881836,23.94607925415039,225.61734008789062,-23.964296340942383,6.232961177825928,0.9956412315368652,0.7837366461753845
SB75658_component_980a,226.448045,-24.504756,4.570000171661377,27.202383041381836,226.44798278808594,-24.50483512878418,5.0365447998046875,1.1526998281478882,0.9073681235313416
SB75658_component_982a,228.746647,-23.04636,5.00600004196167,29.447059631347656,228.746826171875,-23.046354293823242,3.677456855773926,1.7293224334716797,1.361266851425171
SB75658_component_986a,228.852131,-25.121773,4.933000087738037,32.2418327331543,228.85220336914062,-25.121774673461914,6.680775165557861,0.9380305409431458,0.738387405872345
SB75658_component_987a,229.309723,-21.547257,4.7729997634887695,29.282207489013672,229.3096923828125,-21.547191619873047,6.098180770874023,0.9943146705627441,0.7826924324035645
SB75658_component_988a,226.021125,-25.630928,5.017000198364258,17.854093551635742,226.02117919921875,-25.630807876586914,5.415467739105225,1.1769036054611206,0.9264204502105713
SB75658_component_989a,229.548265,-24.021285,4.209000110626221,24.75882339477539,229.5482635498047,-24.02128028869629,4.666751384735107,1.1457687616348267,0.9019122123718262
SB75658_component_995a,226.108346,-22.483864,4.5229997634887695,24.851648330688477,226.10830688476562,-22.483699798583984,6.902839183807373,0.8323989510536194,0.65523761510849
SB75658_component_998a,227.000586,-22.67188,4.869999885559082,28.647058486938477,227.0006561279297,-22.67189598083496,7.021927356719971,0.8810596466064453,0.6935417652130127
SB75658_component_999a,231.895645,-21.619092,5.013999938964844,10.489540100097656,231.89576721191406,-21.619089126586914,6.153542518615723,1.0351227521896362,0.8148152232170105
SB75658_component_1001a,229.528794,-22.385126,4.380000114440918,26.385543823242188,229.52880859375,-22.38504409790039,6.9719696044921875,0.7980890274047852,0.6282299757003784
SB75658_component_1002a,227.647172,-21.277245,4.458000183105469,25.918603897094727,227.64718627929688,-21.277252197265625,6.087820529937744,0.9302741885185242,0.7322818040847778
SB75658_component_1003a,229.04449,-20.687224,4.9629998207092285,12.4698486328125,229.04446411132812,-20.68729591369629,5.968593597412109,1.0563430786132812,0.8315191268920898
SB75658_component_1007a,225.452274,-24.607073,4.247000217437744,13.23052978515625,225.45223999023438,-24.607114791870117,6.518301010131836,0.8277145624160767,0.6515501737594604
SB75658_component_1008a,229.077368,-24.652034,4.611999988555908,27.78313446044922,229.077392578125,-24.6519832611084,6.583662986755371,0.889927089214325,0.7005218863487244
SB75658_component_1011a,226.256048,-22.37524,4.560999870300293,27.98159408569336,226.25616455078125,-22.375118255615234,5.254509925842285,1.1027079820632935,0.868016242980957
SB75658_component_1012a,230.981269,-23.698499,4.927000045776367,26.347593307495117,230.98121643066406,-23.698476791381836,6.671238899230957,0.9382289052009583,0.7385435104370117
SB75658_component_1014a,229.667211,-22.629702,5.01200008392334,25.441625595092773,229.66720581054688,-22.62961196899414,9.192585945129395,0.6926376819610596,0.5452219843864441
SB75658_component_1018a,230.288192,-24.914525,4.429999828338623,25.028247833251953,230.2882843017578,-24.91438865661621,6.9725799560546875,0.8071289658546448,0.6353458762168884
SB75658_component_1019a,227.068542,-24.558326,4.283999919891357,25.652694702148438,227.0685577392578,-24.55830192565918,6.611207962036133,0.8231923580169678,0.6479905247688293
SB75658_component_1021a,228.709433,-24.533444,4.578999996185303,25.298343658447266,228.70938110351562,-24.533485412597656,6.629380702972412,0.8774662613868713,0.690713107585907
SB75658_component_1024a,230.827866,-22.118075,4.331999778747559,23.933700561523438,230.82785034179688,-22.118101119995117,5.6264753341674805,0.9781032800674438,0.7699313759803772
SB75658_component_1028a,226.269831,-24.887571,4.377999782562256,23.66486358642578,226.2698516845703,-24.88751220703125,4.9013991355896,1.1347191333770752,0.8932142853736877
SB75658_component_1029a,228.242606,-21.32715,4.88700008392334,27.610170364379883,228.24278259277344,-21.327123641967773,7.597188472747803,0.8171883225440979,0.6432642936706543
SB75658_component_1030a,231.65461,-25.067844,4.736000061035156,11.039627075195312,231.65452575683594,-25.067705154418945,5.288722515106201,1.137610673904419,0.8954903483390808
SB75658_component_1036a,228.559772,-23.324098,4.797999858856201,29.25609588623047,228.559814453125,-23.32420539855957,7.228958606719971,0.8431739807128906,0.6637193560600281
SB75658_component_1038a,226.832182,-22.234265,4.623000144958496,28.71428680419922,226.832275390625,-22.234163284301758,6.278385162353516,0.9354243874549866,0.7363358736038208
SB75658_component_1041a,226.676356,-20.9049,4.6570000648498535,16.45583152770996,226.6763458251953,-20.905006408691406,7.104626178741455,0.8327175378799438,0.6554884314537048
SB75658_component_1042a,225.476777,-25.138869,4.65500020980835,22.061613082885742,225.47682189941406,-25.139022827148438,6.189977169036865,0.9553518891334534,0.7520222067832947
SB75658_component_1045a,231.528074,-23.271033,4.359000205993652,16.387218475341797,231.5281982421875,-23.271181106567383,5.598116397857666,0.9891853332519531,0.7786548137664795
SB75658_component_1046a,229.402392,-22.613048,4.427000045776367,26.041175842285156,229.40237426757812,-22.613088607788086,6.8404107093811035,0.8221670389175415,0.647183358669281
SB75658_component_1050a,228.693791,-23.341146,4.633999824523926,26.479999542236328,228.6940155029297,-23.341175079345703,8.16076946258545,0.7213692665100098,0.5678386092185974
SB75658_component_1053a,229.598316,-20.932596,4.388999938964844,16.945945739746094,229.5983123779297,-20.932697296142578,6.2080864906311035,0.8981327414512634,0.7069811224937439
SB75658_component_1065a,225.236648,-25.341801,4.216000080108643,16.664031982421875,225.23667907714844,-25.34175682067871,4.889970302581787,1.0952849388122559,0.8621729612350464
SB75658_component_1066a,230.387615,-25.556146,4.13700008392334,17.30962371826172,230.3875274658203,-25.55603790283203,4.498180389404297,1.168372631072998,0.9197052717208862
SB75658_component_1068a,227.937297,-25.71608,4.541999816894531,17.204544067382812,227.93722534179688,-25.716096878051758,6.753783226013184,0.8543438911437988,0.6725119352340698
SB75658_component_1070a,226.37846,-22.012251,4.252999782562256,23.627775192260742,226.3785400390625,-22.012224197387695,6.055811405181885,0.89218670129776,0.7023005485534668
SB75658_component_1072a,225.513707,-25.338919,4.247000217437744,20.320573806762695,225.51394653320312,-25.33888053894043,5.010714054107666,1.0767512321472168,0.8475838303565979
SB75658_component_1075a,225.606509,-23.079349,4.377999782562256,15.691754341125488,225.6066436767578,-23.079362869262695,5.896007061004639,0.9433013200759888,0.7425363659858704
SB75658_component_1083a,231.31717,-24.300484,4.040999889373779,21.268421173095703,231.31723022460938,-24.300430297851562,3.9296908378601074,1.3063608407974243,1.0283252000808716
SB75658_component_1086a,228.939301,-21.701763,4.070000171661377,21.534393310546875,228.9393310546875,-21.701683044433594,3.867875337600708,1.3367637395858765,1.0522572994232178
SB75658_component_1087a,229.269182,-24.91692,4.335999965667725,26.1204833984375,229.2692108154297,-24.91680335998535,6.2033915519714355,0.8879587650299072,0.6989724636077881
SB75658_component_1089a,229.890395,-23.627999,4.083000183105469,24.59638786315918,229.89035034179688,-23.6280460357666,5.327098369598389,0.9736915826797485,0.7664585709571838
SB75658_component_1091a,227.885833,-23.698492,4.142000198364258,26.21518898010254,227.88577270507812,-23.698476791381836,5.370778560638428,0.9797281622886658,0.7712103724479675
SB75658_component_1092a,230.995169,-21.509819,4.369999885559082,21.31707191467285,230.9951171875,-21.50963020324707,4.184136867523193,1.3268085718154907,1.044420838356018
SB75658_component_1095a,227.508999,-21.680051,3.9820001125335693,23.84431266784668,227.5089111328125,-21.67988395690918,3.5046660900115967,1.4434021711349487,1.1361995935440063
SB75658_component_1096a,227.583275,-20.999842,4.093999862670898,17.570816040039062,227.58328247070312,-21.0,6.4275922775268555,0.8091559410095215,0.6369414329528809
SB75658_component_1098a,230.707084,-24.266303,4.057000160217285,24.439760208129883,230.7071075439453,-24.266315460205078,5.685916900634766,0.9064361453056335,0.7135173082351685
SB75658_component_1101a,231.777414,-21.282813,4.193999767303467,12.944443702697754,231.77728271484375,-21.282812118530273,7.244375705718994,0.7354618310928345,0.5789318680763245
SB75658_component_1102a,228.509869,-23.435002,4.0229997634887695,25.62420082092285,228.5098419189453,-23.435100555419922,5.475081443786621,0.9334523677825928,0.7347835302352905
SB75658_component_1105a,225.392352,-25.643118,4.421999931335449,14.789298057556152,225.39234924316406,-25.643049240112305,5.706463813781738,0.9844289422035217,0.7749106884002686
SB75658_component_1106a,230.721303,-23.353783,4.230000019073486,22.03125,230.72129821777344,-23.353736877441406,5.457376480102539,0.9846664667129517,0.7750977277755737
SB75658_component_1107a,231.345126,-21.204163,4.256999969482422,21.719388961791992,231.3451690673828,-21.204208374023438,5.434361457824707,0.9951484203338623,0.7833486795425415
SB75658_component_1108a,226.113788,-21.166769,3.628000020980835,16.490909576416016,226.11373901367188,-21.166872024536133,4.526553153991699,1.0181982517242432,0.8014928698539734
SB75658_component_1110a,230.601254,-24.939249,4.316999912261963,23.085559844970703,230.60134887695312,-24.939207077026367,5.175940990447998,1.05955970287323,0.834051251411438
SB75658_component_1114a,229.084657,-24.403946,4.2179999351501465,25.719511032104492,229.0847625732422,-24.40398597717285,3.814629554748535,1.4047107696533203,1.1057430505752563
SB75658_component_1115a,226.275115,-25.629607,3.5220000743865967,12.271777153015137,226.27529907226562,-25.62954330444336,2.5107851028442383,1.782019853591919,1.402748465538025
SB75658_component_1116a,226.86752,-24.512978,3.7850000858306885,23.80503273010254,226.86740112304688,-24.51286506652832,4.509767532348633,1.0662142038345337,0.8392894268035889
SB75658_component_1120a,225.386342,-24.802643,3.7760000228881836,12.843537330627441,225.3865509033203,-24.802490234375,4.894964218139648,0.9799754023551941,0.771405041217804
SB75658_component_1122a,226.895631,-21.251699,4.442999839782715,23.020723342895508,226.89573669433594,-21.25179100036621,6.328138828277588,0.8919346332550049,0.7021021246910095
SB75658_component_1125a,225.592952,-23.572857,4.117000102996826,23.0,225.59292602539062,-23.57292938232422,4.251289367675781,1.2302488088607788,0.9684121012687683
SB75658_component_1128a,230.112575,-24.556696,3.808000087738037,24.254776000976562,230.11270141601562,-24.556705474853516,4.394637107849121,1.1007955074310303,0.8665106892585754
SB75658_component_1130a,231.15764,-24.552632,4.315000057220459,21.467660903930664,231.15771484375,-24.552684783935547,5.234051704406738,1.0473105907440186,0.8244091272354126
SB75658_component_1132a,231.117547,-21.989876,3.9800000190734863,18.17351722717285,231.1173553466797,-21.989883422851562,5.237575531005859,0.9653515219688416,0.7598935961723328
SB75658_component_1135a,231.722853,-24.455436,4.046000003814697,16.05555534362793,231.72291564941406,-24.45542335510254,5.668317794799805,0.9067851305007935,0.7137920260429382
SB75658_component_1138a,226.020817,-21.004559,3.63100004196167,12.785210609436035,226.0208282470703,-21.004558563232422,5.570923328399658,0.8280027508735657,0.6517770886421204
SB75658_component_1140a,228.026488,-22.384921,3.877000093460083,24.383649826049805,228.02638244628906,-22.384920120239258,5.302891254425049,0.9287863373756409,0.7311106324195862
SB75658_component_1141a,226.303868,-22.473416,4.01800012588501,21.259260177612305,226.303955078125,-22.473539352416992,4.932100296020508,1.0349295139312744,0.8146631121635437
SB75658_component_1145a,225.184414,-23.948297,4.052000045776367,11.286908149719238,225.18466186523438,-23.94829559326172,3.903606653213501,1.3186699151992798,1.0380144119262695
SB75658_component_1146a,227.455499,-21.806614,3.5260000228881836,23.045751571655273,227.45559692382812,-21.8067684173584,4.9690327644348145,0.9014531373977661,0.7095948457717896
SB75658_component_1147a,229.161106,-25.52554,3.872999906539917,17.137168884277344,229.1612091064453,-25.525426864624023,5.371775150299072,0.9159302115440369,0.7209907174110413
SB75658_component_1153a,230.205003,-20.912879,3.7149999141693115,15.163264274597168,230.2049560546875,-20.912860870361328,5.486827850341797,0.8601421117782593,0.6770761013031006
SB75658_component_1155a,228.616952,-25.348264,4.245999813079834,26.372669219970703,228.61703491210938,-25.348133087158203,5.09195613861084,1.0593221187591553,0.833864152431488
SB75658_component_1157a,229.172301,-25.370283,3.5810000896453857,19.14973258972168,229.17239379882812,-25.37027931213379,4.566765308380127,0.9961583018302917,0.7841436862945557
SB75658_component_1158a,227.616112,-22.513847,3.934999942779541,24.59375,227.61610412597656,-22.513912200927734,5.828751564025879,0.8576337695121765,0.6751016974449158
SB75658_component_1160a,225.586983,-23.025539,4.204999923706055,15.516605377197266,225.5872039794922,-23.02564811706543,5.309010028839111,1.006201982498169,0.7920497059822083
SB75658_component_1165a,225.257347,-23.472698,3.934999942779541,13.29391860961914,225.25755310058594,-23.47254753112793,5.1102142333984375,0.9782240390777588,0.7700263857841492
SB75658_component_1166a,225.786661,-22.771709,3.490999937057495,14.366254806518555,225.7867889404297,-22.771509170532227,6.286775588989258,0.7054311037063599,0.5552926063537598
SB75658_component_1169a,226.722131,-24.147608,3.7230000495910645,21.645347595214844,226.72203063964844,-24.14767837524414,4.948526382446289,0.9557622671127319,0.7523452043533325
SB75658_component_1170a,226.533562,-22.884626,3.6070001125335693,22.543750762939453,226.53363037109375,-22.884498596191406,4.871094226837158,0.9407025575637817,0.740490734577179
SB75658_component_1171a,228.860422,-23.442521,3.816999912261963,26.50694465637207,228.86041259765625,-23.442626953125,5.026459217071533,0.9647009372711182,0.7593814730644226
SB75658_component_1172a,226.020764,-24.899189,3.696000099182129,20.53333282470703,226.02088928222656,-24.89913558959961,5.770682334899902,0.8136498332023621,0.6404788494110107
SB75658_component_1173a,230.252662,-22.268354,4.192999839782715,23.16574478149414,230.252685546875,-22.26833724975586,6.670470714569092,0.7985481023788452,0.6285912990570068
SB75658_component_1175a,227.490618,-21.438702,3.690000057220459,22.22891616821289,227.4906768798828,-21.438735961914062,5.633831977844238,0.8320611119270325,0.6549715995788574
SB75658_component_1184a,226.672508,-24.36752,3.4679999351501465,20.64285659790039,226.6724395751953,-24.367536544799805,4.053668022155762,1.0868350267410278,0.8555214405059814
SB75658_component_1186a,230.757337,-23.920419,3.49399995803833,19.7401123046875,230.7574462890625,-23.920434951782227,4.0780863761901855,1.0884267091751099,0.8567743897438049
SB75658_component_1188a,227.04947,-23.463546,3.563999891281128,21.599998474121094,227.04931640625,-23.46353530883789,3.6243903636932373,1.249210000038147,0.9833377599716187
SB75658_component_1190a,229.690455,-21.400309,3.8970000743865967,21.770950317382812,229.6904296875,-21.400264739990234,4.543883800506592,1.0895217657089233,0.8576363921165466
SB75658_component_1193a,225.672125,-24.214108,3.7709999084472656,15.518518447875977,225.6719970703125,-24.214096069335938,3.09572696685791,1.547485589981079,1.2181307077407837
SB75658_component_1194a,228.623293,-23.939713,4.0920000076293945,24.650604248046875,228.6234588623047,-23.9397029876709,6.219934463500977,0.8357618451118469,0.6578847169876099
SB75658_component_1200a,229.592078,-21.372569,3.5869998931884766,20.265535354614258,229.5920867919922,-21.372541427612305,2.3235206604003906,1.9611804485321045,1.5437779426574707
SB75658_component_1203a,230.015467,-21.549901,3.753000020980835,23.45625114440918,230.01548767089844,-21.54987144470215,4.3537516593933105,1.095084547996521,0.8620151877403259
SB75658_component_1205a,231.451434,-22.975033,3.752000093460083,20.50273323059082,231.45152282714844,-22.975210189819336,6.3938307762146,0.7454773187637329,0.5868156552314758
SB75658_component_1206a,227.004419,-21.792814,3.621000051498413,20.810346603393555,227.0044403076172,-21.792814254760742,8.033638000488281,0.5725969076156616,0.4507297873497009
SB75658_component_1207a,229.412573,-25.73103,3.247999906539917,10.826665878295898,229.41250610351562,-25.7310733795166,3.3923842906951904,1.216308355331421,0.9574386477470398
SB75658_component_1209a,227.79054,-21.896942,3.632999897003174,22.993669509887695,227.79034423828125,-21.896984100341797,4.482469081878662,1.029629111289978,0.8104907870292664
SB75658_component_1215a,225.905971,-25.717965,3.4760000705718994,10.376119613647461,225.90623474121094,-25.717945098876953,3.9667632579803467,1.1132076978683472,0.876281201839447
SB75658_component_1220a,226.25223,-22.034391,3.740000009536743,21.744184494018555,226.25221252441406,-22.034393310546875,5.400158405303955,0.8798280358314514,0.692572295665741
SB75658_component_1222a,230.000622,-21.161639,3.065000057220459,17.122905731201172,230.00076293945312,-21.161733627319336,3.990957498550415,0.9756321310997009,0.7679861187934875
SB75658_component_1229a,228.111737,-24.105242,3.8510000705718994,22.52046775817871,228.1117706298828,-24.1053409576416,5.628201484680176,0.8692338466644287,0.6842328310012817
SB75658_component_1230a,226.339034,-23.757925,3.4619998931884766,20.60714340209961,226.3390350341797,-23.758033752441406,4.618729114532471,0.9522199630737305,0.749556839466095
SB75658_component_1233a,230.184335,-20.842084,3.6029999256134033,13.49438190460205,230.1840057373047,-20.842044830322266,4.559074401855469,1.0039689540863037,0.790291965007782
SB75658_component_1239a,229.869991,-24.327786,3.4619998931884766,19.670454025268555,229.87008666992188,-24.32774543762207,4.370272636413574,1.0063550472259521,0.7921702265739441
SB75658_component_1240a,228.99838,-25.36163,3.7269999980926514,22.86503028869629,228.9984893798828,-25.36148452758789,5.918517589569092,0.799980103969574,0.6297184824943542
SB75658_component_1243a,228.409372,-25.255793,3.4619998931884766,19.670454025268555,228.40940856933594,-25.255830764770508,3.6871416568756104,1.192806363105774,0.9389386773109436
SB75658_component_1246a,227.759628,-21.58537,3.4679999351501465,22.23076820373535,227.75967407226562,-21.585275650024414,4.6457014083862305,0.9483322501182556,0.7464964985847473
SB75658_component_1247a,226.955207,-21.708978,3.8589999675750732,22.834320068359375,226.955322265625,-21.70909881591797,4.715590953826904,1.0396121740341187,0.8183491826057434
SB75658_component_1249a,226.792089,-23.107512,3.696000099182129,23.245285034179688,226.7921905517578,-23.10744285583496,5.72882080078125,0.8195952773094177,0.6451589465141296
SB75658_component_1250a,230.428073,-21.108231,3.447000026702881,16.572114944458008,230.42816162109375,-21.108230590820312,5.762601375579834,0.7598982453346252,0.598167359828949
SB75658_component_1252a,227.535654,-20.97674,3.490000009536743,15.936073303222656,227.53590393066406,-20.97681999206543,4.571032524108887,0.9699376821517944,0.7635036706924438
SB75658_component_1261a,227.91386,-20.848314,3.203000068664551,10.467320442199707,227.9139862060547,-20.848224639892578,4.367928981781006,0.9315670132637024,0.7332994937896729
SB75658_component_1262a,228.970313,-22.374704,3.635999917984009,21.514793395996094,228.97039794921875,-22.37470054626465,4.2935895919799805,1.0758111476898193,0.8468438386917114
SB75658_component_1263a,230.387691,-25.392716,3.003999948501587,15.405128479003906,230.3877716064453,-25.392581939697266,4.207422256469727,0.907019317150116,0.7139763236045837
SB75658_component_1264a,225.787662,-25.002674,3.4070000648498535,16.866336822509766,225.78761291503906,-25.002660751342773,3.6039953231811523,1.200938105583191,0.9453397393226624
SB75658_component_1270a,231.113807,-21.049248,3.6760001182556152,16.337778091430664,231.11373901367188,-21.049301147460938,4.109588146209717,1.1363441944122314,0.894493579864502
SB75658_component_1271a,230.751511,-22.134276,3.5290000438690186,20.398845672607422,230.75155639648438,-22.13417625427246,4.0867838859558105,1.0969901084899902,0.8635151982307434
SB75658_component_1273a,230.827679,-21.079104,3.115999937057495,13.316239356994629,230.82785034179688,-21.079051971435547,5.1213459968566895,0.772940456867218,0.6084337830543518
SB75658_component_1277a,230.682266,-22.118322,3.447000026702881,19.585227966308594,230.68223571777344,-22.118370056152344,4.8057332038879395,0.9112012982368469,0.7172682881355286
SB75658_component_1281a,230.750924,-24.285883,2.944000005722046,17.01734161376953,230.750732421875,-24.286060333251953,2.4335222244262695,1.5368632078170776,1.2097691297531128
SB75658_component_1283a,229.936454,-21.731087,3.4839999675750732,20.02298927307129,229.9365234375,-21.731197357177734,3.3187718391418457,1.333624243736267,1.0497859716415405
SB75658_component_1286a,225.459611,-22.455838,3.427000045776367,12.787313461303711,225.4597625732422,-22.455902099609375,4.401284694671631,0.9891618490219116,0.7786362767219543
SB75658_component_1288a,230.024372,-24.868266,3.384999990463257,19.68023109436035,230.0243377685547,-24.868207931518555,4.343756675720215,0.9899788498878479,0.779279351234436
SB75658_component_1290a,226.865565,-25.399444,3.072999954223633,16.792348861694336,226.86558532714844,-25.39946937561035,4.648535251617432,0.839806318283081,0.6610684394836426
SB75658_component_1291a,226.850072,-21.958709,3.388000011444092,21.71794891357422,226.85011291503906,-21.95883560180664,5.150717735290527,0.8356191515922546,0.657772421836853
SB75658_component_1295a,227.338269,-24.512954,3.489000082015991,21.4049072265625,227.3382568359375,-24.512767791748047,2.856062412261963,1.5519081354141235,1.2216119766235352
SB75658_component_1299a,228.342704,-25.577925,3.4040000438690186,15.0619478225708,228.34266662597656,-25.577861785888672,4.998156547546387,0.8651918768882751,0.6810511350631714
SB75658_component_1303a,226.423444,-21.537928,3.5789999961853027,20.220338821411133,226.4232635498047,-21.538002014160156,4.609375476837158,0.9863983392715454,0.7764609456062317
SB75658_component_1304a,230.487368,-21.143202,3.502000093460083,18.051546096801758,230.48739624023438,-21.14316749572754,4.912445068359375,0.9056307077407837,0.7128832936286926
SB75658_component_1308a,226.035531,-24.354714,3.0899999141693115,16.43617057800293,226.03565979003906,-24.3546142578125,5.658931255340576,0.6936761736869812,0.5460394620895386
SB75658_component_1309a,231.857459,-23.044028,3.321000099182129,10.509493827819824,231.8574981689453,-23.044004440307617,3.3578999042510986,1.256417155265808,0.9890110492706299
SB75658_component_1310a,230.885095,-21.793751,2.9709999561309814,16.59776496887207,230.88499450683594,-21.793630599975586,4.116200923919678,0.9169355630874634,0.7217820286750793
SB75658_component_1312a,228.944402,-22.718741,3.259000062942505,21.4407901763916,228.94435119628906,-22.718841552734375,4.631871700286865,0.893841564655304,0.7036032676696777
SB75658_component_1313a,229.875096,-25.224047,3.322999954223633,20.26219367980957,229.8749237060547,-25.224016189575195,4.852865219116211,0.8698909282684326,0.6847500801086426
SB75658_component_1321a,230.349671,-25.016073,3.181999921798706,18.287357330322266,230.3497772216797,-25.0157470703125,1.6929614543914795,2.3877334594726562,1.8795466423034668
SB75658_component_1322a,228.533265,-24.452719,3.421999931335449,20.73939323425293,228.53330993652344,-24.452848434448242,3.4378597736358643,1.2645167112350464,0.9953867197036743
SB75658_component_1333a,230.37662,-23.106202,3.2070000171661377,14.577272415161133,230.37692260742188,-23.106359481811523,1.6463375091552734,2.474644422531128,1.9479602575302124
SB75658_component_1334a,230.992835,-23.499273,3.0980000495910645,15.725889205932617,230.9929962158203,-23.499317169189453,3.4587531089782715,1.1378750801086426,0.8956985473632812
SB75658_component_1335a,229.606383,-23.219936,2.9240000247955322,15.805405616760254,229.60647583007812,-23.219980239868164,3.5902085304260254,1.0346426963806152,0.8144373893737793
SB75658_component_1336a,231.4024,-23.994471,3.124000072479248,11.923665046691895,231.40216064453125,-23.994686126708984,2.4721577167510986,1.6053420305252075,1.2636734247207642
SB75658_component_1338a,229.231239,-21.033836,3.1619999408721924,15.201922416687012,229.23126220703125,-21.03400993347168,5.097264766693115,0.788056492805481,0.620332658290863
SB75658_component_1339a,229.992295,-23.402355,3.1500000953674316,16.40625,229.99240112304688,-23.40241050720215,3.539170026779175,1.130685567855835,0.8900392055511475
SB75658_component_1343a,227.680515,-21.764341,3.134999990463257,19.11585235595703,227.6806182861328,-21.764142990112305,4.218169212341309,0.9441614747047424,0.743213415145874
SB75658_component_1344a,227.576444,-22.969061,3.328000068664551,21.47096824645996,227.5762481689453,-22.969202041625977,3.6835098266601562,1.147768259048462,0.9034861326217651
SB75658_component_1348a,226.945915,-23.155903,3.3299999237060547,20.8125,226.94590759277344,-23.1558837890625,5.040467739105225,0.839278519153595,0.6606529355049133
SB75658_component_1349a,229.959468,-24.481787,3.302000045776367,21.16666603088379,229.9597625732422,-24.481861114501953,4.147455215454102,1.0114120244979858,0.7961508631706238
SB75658_component_1353a,229.188936,-25.584296,3.0209999084472656,11.48669147491455,229.18878173828125,-25.584264755249023,2.5612990856170654,1.4983841180801392,1.1794795989990234
SB75658_component_1356a,230.552392,-21.026531,3.0280001163482666,12.669456481933594,230.552490234375,-21.0264835357666,4.26568603515625,0.9017781615257263,0.7098506689071655
SB75658_component_1357a,227.997555,-24.358891,3.0820000171661377,19.024690628051758,227.99769592285156,-24.358877182006836,4.3905158042907715,0.8917637467384338,0.7019676566123962
SB75658_component_1361a,230.961264,-23.164424,3.3299999237060547,16.81818199157715,230.96128845214844,-23.164569854736328,2.992187976837158,1.4138002395629883,1.1128979921340942
SB75658_component_1365a,230.143012,-23.846296,3.065000057220459,18.463855743408203,230.14291381835938,-23.846418380737305,3.541048049926758,1.0995914936065674,0.8655629754066467
SB75658_component_1368a,229.605296,-24.157923,2.9809999465942383,15.131979942321777,229.60525512695312,-24.15812110900879,3.630805253982544,1.043017864227295,0.8210299611091614
SB75658_component_1377a,228.137586,-25.696833,3.0250000953674316,11.203703880310059,228.13772583007812,-25.696725845336914,3.2593319416046143,1.1790426969528198,0.9281043410301208
SB75658_component_1379a,226.839668,-23.805949,3.3239998817443848,21.171972274780273,226.83958435058594,-23.806074142456055,3.750448703765869,1.1259276866912842,0.8862939476966858
SB75658_component_1380a,225.860143,-21.953525,3.0280001163482666,16.36756706237793,225.8602752685547,-21.953475952148438,4.228635311126709,0.9096794128417969,0.716070294380188
SB75658_component_1386a,228.283757,-23.423567,3.13700008392334,19.128047943115234,228.28382873535156,-23.42363929748535,4.304748058319092,0.9257622957229614,0.7287302613258362
SB75658_component_1387a,226.120663,-24.495961,2.888000011444092,15.781420707702637,226.1206512451172,-24.49598503112793,3.4186129570007324,1.0731981992721558,0.844787061214447
SB75658_component_1388a,226.206477,-23.685111,3.184000015258789,18.298851013183594,226.20619201660156,-23.68505859375,4.621285438537598,0.8752719163894653,0.6889857649803162
SB75658_component_1389a,230.915603,-21.499314,2.98799991607666,15.481864929199219,230.91574096679688,-21.4993839263916,3.644230365753174,1.041615605354309,0.8199262022972107
SB75658_component_1390a,231.164152,-21.320749,2.934000015258789,16.209945678710938,231.16429138183594,-21.320716857910156,3.8698763847351074,0.9631540179252625,0.7581637501716614
SB75658_component_1391a,231.11353,-24.503365,2.7730000019073486,15.40555477142334,231.11328125,-24.50322723388672,3.50925612449646,1.0038470029830933,0.7901959419250488
SB75658_component_1395a,231.063485,-23.545587,2.8459999561309814,14.520408630371094,231.06344604492188,-23.545543670654297,4.9359211921691895,0.7324860692024231,0.5765894055366516
SB75658_component_1400a,227.580722,-24.809754,2.5889999866485596,12.507246017456055,227.5806427001953,-24.80970001220703,3.0243425369262695,1.0875113010406494,0.8560538291931152
SB75658_component_1402a,225.357534,-23.398473,3.2100000381469727,12.891566276550293,225.3575897216797,-23.398509979248047,2.450329303741455,1.6642298698425293,1.310028076171875
SB75658_component_1406a,225.565506,-23.170811,3.2330000400543213,13.359504699707031,225.5654296875,-23.171001434326172,4.287243843078613,0.9579883813858032,0.7540975213050842
SB75658_component_1407a,227.414275,-22.652047,2.756999969482422,16.91411018371582,227.41444396972656,-22.652029037475586,1.6064867973327637,2.1801798343658447,1.7161672115325928
SB75658_component_1409a,226.45094,-20.946114,3.055000066757202,12.17131519317627,226.45095825195312,-20.94639778137207,3.4426212310791016,1.1273393630981445,0.8874052166938782
SB75658_component_1411a,228.799844,-21.361155,3.1500000953674316,18.208093643188477,228.79991149902344,-21.36113739013672,4.421999931335449,0.9049499034881592,0.7123473882675171
SB75658_component_1415a,230.494925,-22.150497,2.6649999618530273,15.404624938964844,230.49493408203125,-22.150426864624023,3.6752185821533203,0.921184778213501,0.7251269221305847
SB75658_component_1419a,226.823181,-23.57409,2.947999954223633,18.424999237060547,226.8233642578125,-23.574092864990234,3.843003749847412,0.9745169281959534,0.7671082615852356
SB75658_component_1423a,227.337457,-24.119342,3.052000045776367,17.84795379638672,227.33763122558594,-24.119426727294922,3.779750108718872,1.0257798433303833,0.8074607849121094
SB75658_component_1425a,230.518538,-25.255809,2.9119999408721924,16.0,230.5185546875,-25.255704879760742,3.704012155532837,0.9987382888793945,0.7861745357513428
SB75658_component_1426a,229.729945,-24.601347,3.109999895095825,17.77142906188965,229.7299041748047,-24.601125717163086,3.327049970626831,1.1875004768371582,0.9347620010375977
SB75658_component_1427a,226.166346,-23.33609,3.0799999237060547,18.554216384887695,226.16636657714844,-23.33600425720215,4.148626804351807,0.943146288394928,0.7424142956733704
SB75658_component_1429a,225.743014,-22.252792,3.259999990463257,17.52688217163086,225.74322509765625,-22.252599716186523,3.5467352867126465,1.1676738262176514,0.9191551208496094
SB75658_component_1430a,226.093825,-25.468177,3.1619999408721924,13.45531940460205,226.09390258789062,-25.468061447143555,4.135101318359375,0.9714230895042419,0.7646729350090027
SB75658_component_1431a,230.4925,-22.625289,2.759000062942505,12.316964149475098,230.49256896972656,-22.62541389465332,3.446361541748047,1.0170061588287354,0.8005544543266296
SB75658_component_1436a,227.976625,-25.203861,2.928999900817871,16.930635452270508,227.97647094726562,-25.203826904296875,2.4760591983795166,1.5027649402618408,1.1829280853271484
SB75658_component_1437a,229.378101,-21.425544,3.002000093460083,19.0,229.37832641601562,-21.425413131713867,4.515905857086182,0.844497799873352,0.6647614240646362
SB75658_component_1440a,227.741441,-24.087563,2.9230000972747803,18.043210983276367,227.74143981933594,-24.087528228759766,3.64084529876709,1.0199041366577148,0.8028355836868286
SB75658_component_1441a,231.354645,-21.790497,2.750999927520752,11.320987701416016,231.35472106933594,-21.7902774810791,3.6540966033935547,0.9564082026481628,0.7528536319732666
SB75658_component_1442a,231.292039,-22.365671,2.562999963760376,10.723849296569824,231.29190063476562,-22.365795135498047,4.104555130004883,0.7932594418525696,0.6244282126426697
SB75658_component_1443a,228.176993,-21.3774,2.6689999103546143,16.47530746459961,228.17713928222656,-21.377216339111328,3.8684167861938477,0.8764921426773071,0.6899462938308716
SB75658_component_1450a,228.151152,-21.823711,2.7660000324249268,16.175437927246094,228.15130615234375,-21.823633193969727,3.889151096343994,0.9035040140151978,0.7112091779708862
SB75658_component_1453a,229.860319,-23.696451,2.3929998874664307,13.912789344787598,229.86026000976562,-23.696481704711914,3.18495512008667,0.9544914960861206,0.7513449192047119
SB75658_component_1454a,230.239642,-25.479392,2.7899999618530273,13.160377502441406,230.23960876464844,-25.47926139831543,3.697174072265625,0.9586653113365173,0.7546303868293762
SB75658_component_1458a,229.067616,-21.733691,2.694999933242798,16.7391300201416,229.06761169433594,-21.733522415161133,4.649425983428955,0.7363633513450623,0.5796414613723755
SB75658_component_1459a,230.834937,-24.08254,2.4170000553131104,13.502793312072754,230.83511352539062,-24.082656860351562,3.0487208366394043,1.0071443319320679,0.7927915453910828
SB75658_component_1461a,230.540806,-21.240307,2.749000072479248,13.883838653564453,230.54058837890625,-21.240266799926758,3.701758623123169,0.9434075951576233,0.742620050907135
SB75658_component_1462a,229.176445,-21.834729,2.6760001182556152,15.834320068359375,229.1763916015625,-21.834617614746094,2.4012467861175537,1.4157353639602661,1.1144211292266846
SB75658_component_1463a,229.647615,-22.981319,2.9509999752044678,15.450262069702148,229.64767456054688,-22.981407165527344,4.555849552154541,0.822872519493103,0.6477386951446533
SB75658_component_1464a,227.834715,-23.331052,2.7730000019073486,16.908536911010742,227.8349609375,-23.331144332885742,4.418243885040283,0.7973204255104065,0.6276249289512634
SB75658_component_1467a,226.18102,-25.131763,2.997999906539917,15.53367805480957,226.18115234375,-25.13176727294922,4.1422929763793945,0.9194402098655701,0.7237536907196045
SB75658_component_1469a,225.625021,-21.825713,2.3429999351501465,10.847221374511719,225.62509155273438,-21.82567024230957,3.842073440551758,0.7747103571891785,0.609826922416687
SB75658_component_1472a,231.032287,-23.86337,2.8410000801086426,14.720207214355469,231.03224182128906,-23.863332748413086,3.7137293815612793,0.9718376398086548,0.7649992108345032
SB75658_component_1476a,228.919684,-23.525792,2.578000068664551,17.41891860961914,228.91981506347656,-23.52593231201172,3.834301233291626,0.8541406393051147,0.6723520159721375
SB75658_component_1482a,231.321008,-24.814704,2.562999963760376,11.597285270690918,231.32119750976562,-24.814838409423828,3.5132486820220947,0.9267709851264954,0.7295241951942444
SB75658_component_1489a,229.677949,-21.943791,2.6679999828338623,16.779874801635742,229.67808532714844,-21.943836212158203,3.2412304878234863,1.045703649520874,0.8231441974639893
SB75658_component_1491a,225.60879,-25.210771,2.7990000247955322,15.211956977844238,225.6089324951172,-25.210708618164062,4.101377487182617,0.8669736385345459,0.6824536323547363
SB75658_component_1495a,228.549901,-24.34687,2.7799999713897705,17.055213928222656,228.54994201660156,-24.34693717956543,2.6151511669158936,1.350456953048706,1.0630360841751099
SB75658_component_1499a,230.078868,-23.232561,2.7009999752044678,13.572864532470703,230.07896423339844,-23.2326717376709,3.516920804977417,0.9756514430046082,0.76800137758255
SB75658_component_1503a,227.429729,-23.843184,2.7309999465942383,15.429378509521484,227.4295196533203,-23.843326568603516,3.480286121368408,0.9968721270561218,0.7847055792808533
SB75658_component_1505a,227.275791,-24.577254,2.5910000801086426,16.934640884399414,227.27561950683594,-24.577184677124023,3.97953724861145,0.8271181583404541,0.6510807275772095
SB75658_component_1514a,228.445611,-22.670859,2.5320000648498535,16.02531623840332,228.44581604003906,-22.67074203491211,3.5785560607910156,0.8988528847694397,0.7075479626655579
SB75658_component_1517a,230.255257,-22.865064,2.888000011444092,13.884614944458008,230.2554473876953,-22.86509132385254,2.9481465816497803,1.2444597482681274,0.9795985221862793
SB75658_component_1520a,225.785479,-23.845088,2.4000000953674316,13.79310417175293,225.78515625,-23.84505271911621,2.881770133972168,1.057997465133667,0.8328214883804321
SB75658_component_1521a,227.841822,-22.958206,2.490000009536743,14.561403274536133,227.84161376953125,-22.958181381225586,3.159971237182617,1.0010342597961426,0.7879818677902222
SB75658_component_1524a,228.403719,-22.953702,2.6619999408721924,16.637500762939453,228.40370178222656,-22.953720092773438,4.299500942230225,0.7865434288978577,0.6191416382789612
SB75658_component_1528a,231.131238,-21.413524,2.634000062942505,14.55248737335205,231.13128662109375,-21.413488388061523,2.853999137878418,1.1724509000778198,0.922915518283844
SB75658_component_1534a,225.729276,-22.366705,2.7839999198913574,13.514562606811523,225.7292022705078,-22.366588592529297,3.200713872909546,1.104981780052185,0.8698059320449829
SB75658_component_1535a,230.157499,-23.093991,2.5409998893737793,12.275362014770508,230.15768432617188,-23.094161987304688,3.176999568939209,1.0160620212554932,0.7998112440109253
SB75658_component_1537a,230.599895,-25.604719,2.635999917984009,10.543999671936035,230.5995635986328,-25.604738235473633,3.0602996349334717,1.0942438840866089,0.8613535165786743
SB75658_component_1541a,225.723369,-23.289397,2.5309998989105225,12.782827377319336,225.72360229492188,-23.28935432434082,3.575798273086548,0.8991907238960266,0.7078139781951904
SB75658_component_1544a,228.731962,-23.137754,2.73799991607666,17.439489364624023,228.73207092285156,-23.13766098022461,2.769063949584961,1.2561259269714355,0.988781750202179
SB75658_component_1546a,228.866747,-23.298753,2.753999948501587,17.212499618530273,228.86676025390625,-23.298599243164062,3.4166080951690674,1.0240036249160767,0.8060625791549683
SB75658_component_1548a,227.434836,-22.178992,2.61299991607666,15.836362838745117,227.4347381591797,-22.17924690246582,3.78326153755188,0.8774163722991943,0.6906738877296448
SB75658_component_1550a,227.406523,-22.279986,2.569000005722046,16.46794891357422,227.4064483642578,-22.28015899658203,3.2731289863586426,0.9970884323120117,0.7848758697509766
SB75658_component_1552a,230.924508,-25.679251,2.696000099182129,10.13533878326416,230.92453002929688,-25.678884506225586,2.0440962314605713,1.67552649974823,1.318920373916626
SB75658_component_1554a,230.922291,-21.135226,2.390000104904175,10.963303565979004,230.92213439941406,-21.13521957397461,3.1207196712493896,0.9729171991348267,0.7658489942550659
SB75658_component_1557a,230.005388,-24.2322,2.802999973297119,16.296510696411133,230.0054473876953,-24.232088088989258,3.887045383453369,0.9160858988761902,0.7211132645606995
SB75658_component_1558a,230.396112,-23.34087,2.2820000648498535,11.186275482177734,230.3961639404297,-23.340917587280273,3.4078633785247803,0.8506799936294556,0.6696277856826782
SB75658_component_1560a,228.13562,-25.001939,2.759999990463257,14.91891860961914,228.13568115234375,-25.00204086303711,3.441877841949463,1.018700122833252,0.8018878698348999
SB75658_component_1562a,230.271367,-22.611321,2.3469998836517334,11.283653259277344,230.2711944580078,-22.611204147338867,3.3955159187316895,0.8780919909477234,0.6912056803703308
SB75658_component_1563a,228.576478,-22.711374,2.5799999237060547,15.449101448059082,228.57623291015625,-22.711360931396484,3.63847279548645,0.900810182094574,0.7090886831283569
SB75658_component_1570a,228.557271,-22.043187,2.693000078201294,16.93710708618164,228.55740356445312,-22.04307746887207,4.137776851654053,0.8268029689788818,0.6508325934410095
SB75658_component_1571a,227.496461,-21.102116,2.490000009536743,12.835051536560059,227.49655151367188,-21.102249145507812,1.4283833503723145,2.214559316635132,1.7432295083999634
SB75658_component_1575a,229.958038,-21.251543,2.13700008392334,12.00561809539795,229.95803833007812,-21.251399993896484,3.2164361476898193,0.8440386652946472,0.6643999814987183
SB75658_component_1577a,225.994431,-25.33268,2.796999931335449,13.255924224853516,225.99441528320312,-25.332597732543945,3.680464506149292,0.9654338955879211,0.7599583864212036
SB75658_component_1579a,229.419734,-22.203448,2.6510000228881836,16.672956466674805,229.41986083984375,-22.20338249206543,3.6945629119873047,0.9115476608276367,0.7175409197807312
SB75658_component_1582a,226.34219,-24.899506,2.61899995803833,14.00534725189209,226.3422088623047,-24.899524688720703,3.807706117630005,0.8737853765487671,0.6878156661987305
SB75658_component_1586a,231.362877,-21.127545,2.565999984741211,11.879629135131836,231.3628692626953,-21.127771377563477,2.6496036052703857,1.230292797088623,0.9684467315673828
SB75658_component_1589a,230.966592,-24.65922,2.428999900817871,13.346153259277344,230.9666748046875,-24.659305572509766,3.922586441040039,0.7866611480712891,0.6192342638969421
SB75658_component_1590a,231.106271,-21.772574,2.7890000343322754,13.538835525512695,231.10618591308594,-21.772659301757812,3.375444173812866,1.04966402053833,0.8262616395950317
SB75658_component_1591a,230.949281,-21.126493,2.7990000247955322,12.839449882507324,230.94924926757812,-21.126497268676758,2.584192991256714,1.375975489616394,1.0831234455108643
SB75658_component_1594a,228.258583,-23.111144,2.678999900817871,16.743749618530273,228.25865173339844,-23.111003875732422,2.920466184616089,1.1653414964675903,0.9173192381858826
SB75658_component_1596a,228.306178,-24.35982,2.63100004196167,16.341615676879883,228.30618286132812,-24.359981536865234,4.121832370758057,0.8108924627304077,0.6383083462715149
SB75658_component_1599a,227.201374,-24.271268,2.6459999084472656,15.939759254455566,227.2012481689453,-24.271324157714844,3.7183542251586914,0.9040069580078125,0.7116051316261292
SB75658_component_1601a,229.386071,-24.469656,2.687999963760376,12.560747146606445,229.38632202148438,-24.469697952270508,3.6657488346099854,0.9315352439880371,0.7332744598388672
SB75658_component_1608a,228.881024,-23.668512,2.4730000495910645,16.377485275268555,228.8810577392578,-23.66855239868164,3.3910953998565674,0.9264389872550964,0.7292628884315491
SB75658_component_1616a,226.97239,-22.913724,2.36299991607666,14.586419105529785,226.9722442626953,-22.91368865966797,3.3753724098205566,0.8893541097640991,0.700070858001709
SB75658_component_1619a,229.345204,-23.299942,2.4070000648498535,13.91329574584961,229.34539794921875,-23.299968719482422,3.2247416973114014,0.9482304453849792,0.7464163899421692
SB75658_component_1624a,230.623594,-21.894514,2.256999969482422,13.198829650878906,230.62339782714844,-21.894489288330078,4.180215835571289,0.6859075427055359,0.5399242639541626
SB75658_component_1626a,227.873181,-21.338695,2.63100004196167,14.53591251373291,227.87319946289062,-21.338762283325195,2.8344595432281494,1.1791887283325195,0.9282193183898926
SB75658_component_1630a,227.863676,-21.07676,2.4719998836517334,11.66037654876709,227.86370849609375,-21.076601028442383,2.9940757751464844,1.0488619804382324,0.8256303668022156
SB75658_component_1637a,228.406193,-21.247887,2.625999927520752,15.7245512008667,228.40631103515625,-21.248037338256836,3.5485987663269043,0.9400923848152161,0.7400103807449341
SB75658_component_1640a,230.5648,-22.813929,2.3980000019073486,11.697561264038086,230.56459045410156,-22.81389808654785,1.764447808265686,1.7265257835388184,1.3590654134750366
SB75658_component_1642a,230.878466,-24.801252,2.565000057220459,13.716577529907227,230.8785400390625,-24.80123519897461,2.8457350730895996,1.1450531482696533,0.9013488292694092
SB75658_component_1643a,228.066836,-24.001213,2.2820000648498535,14.173913955688477,228.0668182373047,-24.00128936767578,1.8329914808273315,1.5815682411193848,1.2449594736099243
SB75658_component_1648a,228.288712,-22.553512,2.2790000438690186,14.424050331115723,228.28855895996094,-22.553621292114258,3.426734447479248,0.8448830246925354,0.6650646924972534
SB75658_component_1651a,225.935146,-24.19472,2.4600000381469727,13.297297477722168,225.93507385253906,-24.194971084594727,3.3460638523101807,0.9339714646339417,0.7351921796798706
SB75658_component_1657a,228.212834,-23.275711,2.384999990463257,14.367470741271973,228.2127227783203,-23.275606155395508,3.0428099632263184,0.9957406520843506,0.7838149666786194
SB75658_component_1665a,230.774399,-22.029976,2.2100000381469727,12.556818008422852,230.77447509765625,-22.02970314025879,3.576347827911377,0.7850282192230225,0.6179488301277161
SB75658_component_1667a,230.154669,-22.288471,2.4079999923706055,13.016216278076172,230.15476989746094,-22.28827476501465,4.484345436096191,0.6821660995483398,0.5369791388511658
SB75658_component_1668a,227.673375,-24.062365,2.4140000343322754,15.3757963180542,227.67340087890625,-24.062335968017578,3.0903098583221436,0.992357075214386,0.7811514735221863
SB75658_component_1675a,227.660549,-24.658818,2.115999937057495,12.231213569641113,227.66024780273438,-24.658662796020508,2.8974318504333496,0.9277589321136475,0.7303018569946289
SB75658_component_1679a,228.194911,-21.017188,2.380000114440918,11.782177925109863,228.19496154785156,-21.016969680786133,3.145561933517456,0.9611948728561401,0.7566215991973877
SB75658_component_1684a,228.571296,-22.334496,2.250999927520752,12.789772033691406,228.57122802734375,-22.334470748901367,3.239635944366455,0.8826977014541626,0.694831132888794
SB75658_component_1685a,225.862361,-22.078494,2.184999942779541,12.852940559387207,225.8625030517578,-22.078657150268555,1.6700929403305054,1.6620477437973022,1.3083103895187378
SB75658_component_1692a,230.930443,-21.927046,2.434999942779541,12.551546096801758,230.93048095703125,-21.926881790161133,2.861091136932373,1.0811848640441895,0.8510738611221313
SB75658_component_1694a,226.477423,-23.217191,2.171999931335449,13.16363525390625,226.4774169921875,-23.217260360717773,3.0156843662261963,0.9149695634841919,0.7202345132827759
SB75658_component_1695a,227.33744,-23.64002,2.1589999198913574,12.928143501281738,227.33740234375,-23.63999366760254,3.69541597366333,0.7422018051147461,0.5842373371124268
SB75658_component_1709a,227.301611,-21.783205,2.369999885559082,14.19161605834961,227.3016815185547,-21.783294677734375,3.2694642543792725,0.9208829998970032,0.7248893976211548
SB75658_component_1713a,227.296104,-24.87914,2.2279999256134033,13.668710708618164,227.29603576660156,-24.879127502441406,2.621501922607422,1.0796866416931152,0.8498944640159607
SB75658_component_1721a,228.584901,-22.811575,2.359999895095825,14.390242576599121,228.5848388671875,-22.81147575378418,3.2211461067199707,0.9307526350021362,0.7326584458351135
SB75658_component_1723a,229.147021,-21.474728,2.4089999198913574,14.870369911193848,229.14723205566406,-21.474594116210938,2.619688034057617,1.1682074069976807,0.9195750951766968
SB75658_component_1724a,227.174007,-24.245198,2.4049999713897705,14.147058486938477,227.17405700683594,-24.2454891204834,2.8103814125061035,1.0871325731277466,0.8557557463645935
SB75658_component_1725a,228.612754,-25.653771,2.2019999027252197,10.794116973876953,228.6127471923828,-25.65367889404297,2.7796037197113037,1.0063918828964233,0.7921991944313049
SB75658_component_1726a,228.968782,-22.817903,2.1619999408721924,13.345678329467773,228.96875,-22.817838668823242,2.438357353210449,1.12639582157135,0.886662483215332
SB75658_component_1729a,228.418068,-22.365871,2.0209999084472656,12.955127716064453,228.4180145263672,-22.36581802368164,2.899942398071289,0.885339081287384,0.6969103813171387
SB75658_component_1731a,229.402911,-23.056427,2.3889999389648438,13.889533996582031,229.4029541015625,-23.056406021118164,3.7619588375091553,0.8067423105239868,0.6350414752960205
SB75658_component_1734a,227.29063,-24.677102,2.2890000343322754,14.129630088806152,227.291015625,-24.677003860473633,3.213150978088379,0.9049975275993347,0.712384819984436
SB75658_component_1735a,226.417781,-21.322582,2.11899995803833,11.837987899780273,226.4178009033203,-21.322572708129883,3.2854084968566895,0.8193591237068176,0.6449730396270752
SB75658_component_1742a,229.233222,-22.732763,2.3010001182556152,13.073863983154297,229.23329162597656,-22.732799530029297,2.6950831413269043,1.0846190452575684,0.8537770509719849
SB75658_component_1748a,228.067638,-21.730904,2.365000009536743,15.160256385803223,228.0678253173828,-21.73094940185547,2.8128068447113037,1.0681296586990356,0.8407971858978271
SB75658_component_1749a,230.861904,-25.228942,2.315999984741211,12.65573787689209,230.8619842529297,-25.228736877441406,3.416667938232422,0.8611295223236084,0.6778534054756165
SB75658_component_1751a,230.935347,-24.381083,2.424999952316284,13.251365661621094,230.935546875,-24.381072998046875,4.038422584533691,0.7628386616706848,0.6004819869995117
SB75658_component_1754a,226.247465,-22.464148,2.052999973297119,11.469273567199707,226.24740600585938,-22.463993072509766,3.1942005157470703,0.8165062069892883,0.6427273154258728
SB75658_component_1756a,227.567193,-22.484179,1.9509999752044678,11.277457237243652,227.56680297851562,-22.484416961669922,2.5650227069854736,0.9662706255912781,0.7606170177459717
SB75658_component_1757a,228.210013,-22.356317,2.196000099182129,13.987261772155762,228.2102508544922,-22.356220245361328,3.4320662021636963,0.8128481507301331,0.6398478150367737
SB75658_component_1767a,227.900446,-21.632952,2.117000102996826,13.231250762939453,227.90065002441406,-21.632837295532227,3.1810202598571777,0.8454484939575195,0.6655097603797913
SB75658_component_1768a,228.356874,-24.176115,2.180999994277954,12.754385948181152,228.35693359375,-24.176132202148438,3.150419235229492,0.8794679641723633,0.6922888159751892
SB75658_component_1769a,229.087671,-21.327998,2.0250000953674316,10.94594669342041,229.08787536621094,-21.328109741210938,2.8824291229248047,0.89248126745224,0.7025324702262878
SB75658_component_1772a,228.424983,-23.791392,2.055999994277954,13.095541000366211,228.4252166748047,-23.79134178161621,2.47033953666687,1.0573022365570068,0.8322742581367493
SB75658_component_1775a,228.260478,-23.256243,2.259999990463257,13.063584327697754,228.260498046875,-23.2562313079834,2.0056092739105225,1.4315115213394165,1.1268396377563477
SB75658_component_1777a,228.003907,-23.519654,2.436000108718872,13.840909957885742,228.00387573242188,-23.519672393798828,2.4557600021362305,1.260155439376831,0.9919536709785461
SB75658_component_1778a,225.812679,-24.026049,2.007999897003174,10.56842041015625,225.81280517578125,-24.025991439819336,2.9092626571655273,0.8768261075019836,0.6902092099189758
SB75658_component_1779a,227.665881,-22.871778,1.86899995803833,10.803468704223633,227.6658935546875,-22.87159538269043,2.5088369846343994,0.9463887214660645,0.7449666857719421
SB75658_component_1790a,228.766626,-21.045644,2.36299991607666,10.141631126403809,228.7666778564453,-21.045522689819336,3.7392494678497314,0.8028085231781006,0.6319449543952942
SB75658_component_1795a,227.593076,-23.132997,2.2019999027252197,13.107142448425293,227.59320068359375,-23.13300323486328,2.8068981170654297,0.9966056942939758,0.7844958305358887
SB75658_component_1797a,227.963722,-25.283848,2.3550000190734863,13.156424522399902,227.9639434814453,-25.283735275268555,2.8685007095336914,1.0429624319076538,0.8209863901138306
SB75658_component_1798a,229.065122,-25.329356,1.8700000047683716,10.163043022155762,229.065185546875,-25.329364776611328,2.262535572052002,1.0499749183654785,0.8265063166618347
SB75658_component_1803a,225.895666,-24.31616,2.061000108718872,10.305000305175781,225.89578247070312,-24.315990447998047,3.4630091190338135,0.7560614347457886,0.5951471924781799
SB75658_component_1804a,227.23883,-22.849353,2.1659998893737793,13.453415870666504,227.23861694335938,-22.84922218322754,2.5556440353393555,1.0766903162002563,0.8475358486175537
SB75658_component_1806a,227.135261,-24.203228,2.2829999923706055,13.429411888122559,227.1354522705078,-24.20322608947754,2.188444137573242,1.3252663612365723,1.0432069301605225
SB75658_component_1809a,228.708426,-23.458287,2.1649999618530273,13.121211051940918,228.70860290527344,-23.458240509033203,3.7332727909088135,0.7367173433303833,0.5799201130867004
SB75658_component_1813a,229.85968,-21.149012,2.188999891281128,11.225641250610352,229.859619140625,-21.149017333984375,3.342182159423828,0.8320479393005371,0.6549612879753113
SB75658_component_1816a,228.693776,-23.38454,1.8769999742507935,10.849711418151855,228.69400024414062,-23.38454246520996,1.8774930238723755,1.2700436115264893,0.9997373819351196
SB75658_component_1819a,227.595415,-25.132467,2.2909998893737793,13.969511032104492,227.59532165527344,-25.132553100585938,3.792325496673584,0.767453670501709,0.6041147708892822
SB75658_component_1821a,229.470657,-21.785003,1.8919999599456787,11.2619047164917,229.4707489013672,-21.78533172607422,2.4759342670440674,0.9707663655281067,0.7641559839248657
SB75658_component_1825a,228.217532,-22.330976,2.2139999866485596,14.192307472229004,228.21775817871094,-22.331069946289062,2.801302433013916,1.0040384531021118,0.790346622467041
SB75658_component_1839a,230.878474,-23.046244,2.1050000190734863,10.472636222839355,230.878662109375,-23.0465145111084,4.194559097290039,0.6375269293785095,0.5018405914306641
SB75658_component_1843a,229.244513,-22.41149,1.8259999752044678,11.780645370483398,229.2443389892578,-22.41140365600586,2.5655877590179443,0.9041627049446106,0.7117277383804321
SB75658_component_1845a,230.984099,-23.464216,2.1649999618530273,11.102563858032227,230.98434448242188,-23.46410369873047,2.612420082092285,1.0528042316436768,0.8287334442138672
SB75658_component_1847a,225.676832,-25.524512,2.306999921798706,10.438913345336914,225.67677307128906,-25.524465560913086,2.973860263824463,0.9855070114135742,0.7757593393325806
SB75658_component_1848a,227.543555,-24.190061,2.078000068664551,12.223529815673828,227.54371643066406,-24.190216064453125,2.3729779720306396,1.1124603748321533,0.8756929636001587
SB75658_component_1858a,228.912525,-23.236878,2.049999952316284,12.65432071685791,228.91258239746094,-23.236879348754883,2.8909878730773926,0.9008246660232544,0.7091001272201538
SB75658_component_1860a,225.719474,-23.923473,2.2799999713897705,12.391304016113281,225.71974182128906,-23.923311233520508,2.3241283893585205,1.2462564706802368,0.9810129404067993
SB75658_component_1862a,231.065258,-24.62342,1.940000057220459,10.210526466369629,231.06515502929688,-24.62339210510254,3.098146915435791,0.7954858541488647,0.6261807680130005
SB75658_component_1864a,225.54592,-23.505201,2.1089999675750732,11.041884422302246,225.54603576660156,-23.504980087280273,2.5639452934265137,1.0449620485305786,0.8225604295730591
SB75658_component_1867a,226.502796,-21.249383,2.0309998989105225,10.978377342224121,226.502685546875,-21.249170303344727,2.793755292892456,0.9235369563102722,0.7269784808158875
SB75658_component_1868a,228.432453,-25.215283,2.180000066757202,13.13253116607666,228.43275451660156,-25.215261459350586,2.029998779296875,1.3642483949661255,1.07389235496521
SB75658_component_1870a,228.062472,-24.811479,2.0350000858306885,11.497175216674805,228.06234741210938,-24.811574935913086,3.100782632827759,0.8337308168411255,0.6562859416007996
SB75658_component_1872a,227.877737,-24.609016,2.177000045776367,13.193939208984375,227.8776092529297,-24.60877799987793,3.780272960662842,0.7315903902053833,0.5758843421936035
SB75658_component_1873a,226.594076,-23.912364,2.068000078201294,12.457832336425781,226.59385681152344,-23.912128448486328,2.6690995693206787,0.9842795729637146,0.7747931480407715
SB75658_component_1878a,230.432836,-23.765843,2.247999906539917,13.461077690124512,230.4327392578125,-23.765724182128906,4.003579616546631,0.713313639163971,0.5614975094795227
SB75658_component_1880a,226.491669,-25.091664,1.8589999675750732,10.327776908874512,226.49151611328125,-25.091712951660156,2.547344446182251,0.9270954132080078,0.7297796010971069
SB75658_component_1882a,229.811494,-23.317619,2.2279999256134033,10.411214828491211,229.8114471435547,-23.317636489868164,2.8563995361328125,0.9908979535102844,0.7800028920173645
SB75658_component_1887a,227.626815,-25.460104,2.2060000896453857,11.141414642333984,227.6270294189453,-25.460176467895508,2.4848122596740723,1.1278326511383057,0.8877934813499451
SB75658_component_1888a,227.542388,-22.968953,1.8680000305175781,11.974358558654785,227.54266357421875,-22.968923568725586,2.5445117950439453,0.9326208829879761,0.7341290712356567
SB75658_component_1890a,229.893747,-23.683601,1.8739999532699585,10.832369804382324,229.8937530517578,-23.683704376220703,1.9927290678024292,1.194686770439148,0.9404188394546509
SB75658_component_1892a,227.088294,-21.677314,2.190999984741211,13.359755516052246,227.0882110595703,-21.677072525024414,2.713275909423828,1.025843620300293,0.8075109124183655
SB75658_component_1904a,226.499691,-24.430607,2.121999979019165,12.939023971557617,226.49951171875,-24.430572509765625,2.8320436477661133,0.9518711566925049,0.7492822408676147
SB75658_component_1908a,230.550706,-24.097086,2.0309998989105225,11.346367835998535,230.55050659179688,-24.097179412841797,2.07623291015625,1.2427006959915161,0.978213906288147
SB75658_component_1909a,227.983104,-21.48555,2.0950000286102295,13.012422561645508,227.98329162597656,-21.485610961914062,2.259328603744507,1.177978515625,0.9272666573524475
SB75658_component_1915a,228.138661,-22.390313,1.815000057220459,11.56050968170166,228.13821411132812,-22.390472412109375,2.620234966278076,0.8799725770950317,0.6926860213279724
SB75658_component_1918a,228.244794,-21.845667,1.9789999723434448,12.141103744506836,228.24485778808594,-21.84581756591797,2.63289213180542,0.9548726677894592,0.7516449093818665
SB75658_component_1931a,227.290978,-21.905597,1.9129999876022339,12.10759449005127,227.29124450683594,-21.90556526184082,2.5859179496765137,0.939794659614563,0.7397759556770325
SB75658_component_1932a,228.69038,-24.285555,1.996999979019165,11.282485961914062,228.69078063964844,-24.28543472290039,2.937579870223999,0.8636168241500854,0.6798112988471985
SB75658_component_1936a,226.719436,-23.287183,1.7869999408721924,10.765060424804688,226.71945190429688,-23.287321090698242,2.3180363178253174,0.9793479442596436,0.7709110975265503
SB75658_component_1938a,227.69958,-22.511031,1.7970000505447388,11.519230842590332,227.6997528076172,-22.511075973510742,2.1285390853881836,1.0725046396255493,0.8442410230636597
SB75658_component_1939a,228.058019,-22.811886,2.0510001182556152,12.355422973632812,228.0581512451172,-22.811983108520508,2.4559404850006104,1.0609149932861328,0.8351179957389832
SB75658_component_1946a,229.675585,-24.729646,1.8270000219345093,10.322033882141113,229.67572021484375,-24.729623794555664,2.45346999168396,0.9459986686706543,0.7446596026420593
SB75658_component_1952a,230.208361,-23.356513,2.0239999294281006,10.326530456542969,230.20867919921875,-23.356666564941406,3.298990249633789,0.7794031500816345,0.6135210394859314
SB75658_component_1956a,226.597817,-24.094303,1.909000039100647,12.006290435791016,226.59764099121094,-24.09429359436035,2.459198474884033,0.9861547946929932,0.7762691974639893
SB75658_component_1959a,225.757777,-22.105976,1.871000051498413,11.136905670166016,225.75807189941406,-22.106199264526367,2.163756847381592,1.0984950065612793,0.8646997809410095
SB75658_component_1966a,229.829081,-21.998153,1.9149999618530273,12.354838371276855,229.8290557861328,-21.997886657714844,2.598893404006958,0.9360801577568054,0.7368520498275757
SB75658_component_1968a,228.658418,-21.57039,2.013000011444092,12.425926208496094,228.6583251953125,-21.5703182220459,2.404247283935547,1.0636465549468994,0.8372682929039001
SB75658_component_1978a,228.488527,-21.652703,1.6959999799728394,10.4049072265625,228.4885711669922,-21.652463912963867,2.255296468734741,0.9553333520889282,0.7520075440406799
SB75658_component_1983a,228.457068,-21.585477,1.687999963760376,10.16867446899414,228.45738220214844,-21.585468292236328,1.7382304668426514,1.2336665391921997,0.9711025357246399
SB75658_component_1985a,229.936695,-21.310921,1.7580000162124634,10.34117603302002,229.9366912841797,-21.310943603515625,3.3975467681884766,0.6573340892791748,0.5174321532249451
SB75658_component_1991a,231.028792,-22.747069,1.9490000009536743,10.098444938659668,231.0286407470703,-22.74692726135254,2.0818800926208496,1.1892929077148438,0.9361730217933655
SB75658_component_1992a,228.787152,-23.700968,1.7209999561309814,10.961782455444336,228.78749084472656,-23.70134735107422,2.292806386947632,0.9535560011863708,0.750608503818512
SB75658_component_1997a,230.318122,-23.307058,2.062000036239624,10.361808776855469,230.31826782226562,-23.307266235351562,2.9399125576019287,0.8910190463066101,0.7013814449310303
SB75658_component_1998a,229.193811,-21.339049,1.8990000486373901,10.377049446105957,229.19375610351562,-21.338775634765625,2.1701502799987793,1.111649513244629,0.875054657459259
SB75658_component_1999a,230.862177,-23.842713,1.8869999647140503,10.425414085388184,230.86204528808594,-23.842737197875977,1.5070244073867798,1.590685486793518,1.2521363496780396
SB75658_component_2003a,230.485624,-21.431972,1.9129999876022339,10.12169361114502,230.48544311523438,-21.4321231842041,2.140479564666748,1.1353678703308105,0.8937249183654785
SB75658_component_2005a,229.519117,-23.030607,1.9630000591278076,11.346821784973145,229.5191192626953,-23.030717849731445,2.3012444972991943,1.0836530923843384,0.85301673412323
SB75658_component_2009a,228.611451,-23.593384,1.6859999895095825,10.67088508605957,228.61175537109375,-23.593399047851562,1.5153166055679321,1.413470983505249,1.1126387119293213
SB75658_component_2011a,226.788954,-24.109882,1.8040000200271606,10.611764907836914,226.7888641357422,-24.10977554321289,2.0784947872161865,1.102605938911438,0.8679357767105103
SB75658_component_2013a,230.596487,-25.393275,1.8819999694824219,10.064170837402344,230.59637451171875,-25.393159866333008,1.5495496988296509,1.542932152748108,1.2145463228225708
SB75658_component_2016a,226.738032,-21.795706,1.909000039100647,11.783950805664062,226.73814392089844,-21.79560661315918,2.270521402359009,1.0681028366088867,0.8407760858535767
SB75658_component_2017a,228.325098,-21.923066,1.878999948501587,11.59876537322998,228.3250732421875,-21.923065185546875,3.201284170150757,0.7456504106521606,0.5869519114494324
SB75658_component_2021a,227.308414,-24.60982,1.8480000495910645,12.319999694824219,227.30873107910156,-24.609771728515625,2.7530465126037598,0.8527488112449646,0.6712563633918762
SB75658_component_2028a,226.224883,-23.418401,1.6640000343322754,10.146341323852539,226.22491455078125,-23.418210983276367,3.2354815006256104,0.6533518433570862,0.5142974853515625
SB75658_component_2036a,227.019762,-23.528906,1.9299999475479126,12.29299259185791,227.01962280273438,-23.52898406982422,2.667961835861206,0.9189891815185547,0.7233986258506775
SB75658_component_2044a,226.254999,-23.43346,1.722000002861023,10.31137752532959,226.2552490234375,-23.43325424194336,2.8951563835144043,0.7556033134460449,0.594786524772644
SB75658_component_2045a,230.842012,-21.998316,1.9850000143051147,11.40804672241211,230.8419647216797,-21.998552322387695,1.485910415649414,1.6970733404159546,1.3358813524246216
SB75658_component_2069a,230.218729,-21.566123,1.875,11.574073791503906,230.21881103515625,-21.566116333007812,2.4933106899261475,0.9553391933441162,0.7520121932029724
SB75658_component_2071a,226.228939,-24.993036,1.909000039100647,10.047369003295898,226.2286834716797,-24.992900848388672,2.9179208278656006,0.8311226963996887,0.6542329788208008
SB75658_component_2084a,226.395872,-24.929667,1.7640000581741333,10.080000877380371,226.3959503173828,-24.929792404174805,2.5962350368499756,0.863152027130127,0.6794454455375671
SB75658_component_2108a,227.940781,-23.455941,1.7410000562667847,11.018987655639648,227.94052124023438,-23.455781936645508,2.2982213497161865,0.9623646140098572,0.7575423717498779
SB75658_component_2113a,228.662214,-21.709706,1.725000023841858,10.087718963623047,228.6621551513672,-21.70977020263672,2.6875579357147217,0.8153873682022095,0.6418466567993164
SB75658_component_2152a,227.869468,-23.738738,1.690999984741211,10.98051929473877,227.869384765625,-23.73885154724121,2.4696805477142334,0.8698323369026184,0.6847039461135864
SB75658_component_2157a,226.607949,-24.269429,1.7269999980926514,10.04069709777832,226.6077880859375,-24.269250869750977,1.8387949466705322,1.193140983581543,0.939202070236206
SB75658_component_2197a,227.066952,-21.568445,1.6990000009536743,10.359755516052246,227.0670166015625,-21.56866455078125,2.96667218208313,0.7275394797325134,0.5726955533027649
SB75658_component_2213a,228.771763,-25.132884,1.7389999628067017,11.366012573242188,228.77200317382812,-25.132925033569336,1.7466440200805664,1.2648175954818726,0.9956235885620117
SB75658_component_2256a,227.86638,-22.279504,1.7050000429153442,11.143791198730469,227.86624145507812,-22.27952003479004,2.3805954456329346,0.9098535776138306,0.7162073850631714
SB75658_component_2297a,228.474357,-23.506571,1.5889999866485596,10.385621070861816,228.4743194580078,-23.50672149658203,2.5196452140808105,0.801156222820282,0.6306443214416504
