Component_ID,RA,DEC,ASKAP_flux,ASKAP_flux_SNR,RA_comp,DEC_comp,Comp_flux,Flux_Ratio_AlphaCorr,Flux_Ratio_NOAlphaCorr
SB67836_component_4a,28.173366,18.609609,640.8699951171875,1511.48583984375,28.173370361328125,18.609628677368164,964.0663452148438,0.8444923758506775,0.6647571325302124
SB67836_component_6a,34.211207,17.401337,421.29400634765625,780.174072265625,34.211177825927734,17.401535034179688,510.0410461425781,1.0493319034576416,0.8260002136230469
SB67836_component_11a,28.275142,20.657373,332.2569885253906,744.9708251953125,28.27521324157715,20.657373428344727,463.30035400390625,0.9110541939735413,0.71715247631073
SB67836_component_14a,32.764909,18.565812,257.75201416015625,930.5126342773438,32.764930725097656,18.5659122467041,348.29248046875,0.9401359558105469,0.7400447130203247
SB67836_component_15a,33.025412,18.67306,225.4980010986328,829.0367431640625,33.02543258666992,18.673166275024414,309.3766174316406,0.925950825214386,0.7288786172866821
SB67836_component_16a,32.218325,16.064033,238.76699829101562,474.68585205078125,32.21828079223633,16.064149856567383,289.34033203125,1.0483300685882568,0.8252115845680237
SB67836_component_17a,33.391928,19.238866,213.5229949951172,759.8683471679688,33.3919792175293,19.239023208618164,288.30291748046875,0.9408672451972961,0.7406203150749207
SB67836_component_18a,29.424514,21.221818,205.53700256347656,412.72491455078125,29.424589157104492,21.221908569335938,215.49342346191406,1.2116822004318237,0.9537971019744873
SB67836_component_20a,27.89611,16.768984,166.83999633789062,492.1534118652344,27.896102905273438,16.769105911254883,179.84280395507812,1.17852783203125,0.9276990294456482
SB67836_component_21a,33.251044,20.082137,170.83399963378906,662.1473388671875,33.25107955932617,20.082319259643555,207.4370574951172,1.0462143421173096,0.8235461711883545
SB67836_component_27a,29.368348,17.830836,156.74600219726562,629.5020141601562,29.36833381652832,17.83099365234375,188.95521545410156,1.0538294315338135,0.829540491104126
SB67836_component_30a,29.5004,21.411717,150.85800170898438,233.8883819580078,29.50048065185547,21.411855697631836,168.44000244140625,1.1377736330032349,0.8956186175346375
SB67836_component_31a,33.293821,18.340293,147.63600158691406,542.7793579101562,33.29386520385742,18.340415954589844,133.78236389160156,1.4019293785095215,1.1035535335540771
SB67836_component_33a,29.537773,19.735248,137.5590057373047,674.308837890625,29.537792205810547,19.735429763793945,167.42140197753906,1.043784260749817,0.8216333389282227
SB67836_component_34a,30.325179,19.841082,128.99899291992188,623.1835327148438,30.325237274169922,19.8411808013916,155.8473358154297,1.0515251159667969,0.8277266621589661
SB67836_component_37a,32.809171,20.87449,132.52099609375,543.1188354492188,32.80899429321289,20.874650955200195,184.7243194580078,0.9113670587539673,0.7173987627029419
SB67836_component_40a,34.480612,20.77384,109.83000183105469,180.64144897460938,34.48060607910156,20.77414321899414,116.69757080078125,1.1956164836883545,0.9411507248878479
SB67836_component_41a,34.387253,17.64172,104.36799621582031,145.76535034179688,34.387203216552734,17.641935348510742,119.0491714477539,1.1137139797210693,0.8766797184944153
SB67836_component_42a,32.141298,20.896178,110.26799774169922,412.98876953125,32.141178131103516,20.89632225036621,156.50738525390625,0.8950501680374146,0.7045546174049377
SB67836_component_46a,28.942958,17.398762,98.7249984741211,491.16912841796875,28.942964553833008,17.398944854736328,136.16737365722656,0.9210576415061951,0.7250268459320068
SB67836_component_50a,34.166665,20.135077,89.23200225830078,180.26666259765625,34.16667556762695,20.135364532470703,106.44928741455078,1.0649043321609497,0.8382583260536194
SB67836_component_51a,32.263378,16.274382,93.88099670410156,293.37811279296875,32.26335906982422,16.274520874023438,115.06656646728516,1.0364807844161987,0.8158842325210571
SB67836_component_53a,32.307142,18.849433,85.0719985961914,412.9708557128906,32.30715560913086,18.849517822265625,101.26853942871094,1.067197561264038,0.8400634527206421
SB67836_component_55a,32.288211,18.958749,83.66600036621094,398.4095458984375,32.288211822509766,18.958850860595703,109.39887237548828,0.9715582728385925,0.7647793889045715
SB67836_component_56a,28.973349,17.723542,79.9540023803711,326.3428649902344,28.973325729370117,17.723690032958984,87.96646118164062,1.154664397239685,0.9089146256446838
SB67836_component_57a,29.736156,19.935404,79.00299835205078,418.0052795410156,29.736186981201172,19.935575485229492,106.76092529296875,0.9400781393051147,0.7399991750717163
SB67836_component_71a,31.07837,19.557827,68.35399627685547,265.9688720703125,31.078420639038086,19.557966232299805,90.1471939086914,0.9632620215415955,0.7582487463951111
SB67836_component_73a,33.651086,17.503111,65.62799835205078,275.7478942871094,33.65106964111328,17.503250122070312,94.01262664794922,0.8868204355239868,0.6980764269828796
SB67836_component_74a,28.739222,21.304377,68.9000015258789,139.756591796875,28.739290237426758,21.30440330505371,97.35327911376953,0.8990862369537354,0.7077317237854004
SB67836_component_76a,29.590942,20.513433,63.547000885009766,319.3316650390625,29.590999603271484,20.513578414916992,73.15715026855469,1.1034965515136719,0.8686369061470032
SB67836_component_77a,31.986108,15.929887,62.23699951171875,93.1691665649414,31.986083984375,15.929988861083984,79.3839111328125,0.9959760308265686,0.7840001583099365
SB67836_component_79a,33.682733,17.782959,62.87099838256836,235.47190856933594,33.68273162841797,17.78310775756836,79.95321655273438,0.9989577531814575,0.7863473296165466
SB67836_component_82a,29.468121,15.88313,66.62200164794922,89.90823364257812,29.468198776245117,15.883316993713379,89.25858306884766,0.9482010006904602,0.7463932037353516
SB67836_component_83a,29.665321,21.512437,66.38099670410156,80.85383605957031,29.665363311767578,21.512540817260742,101.06523895263672,0.8344007134437561,0.6568133234977722
SB67836_component_87a,31.412,17.559189,57.31999969482422,311.521728515625,31.411998748779297,17.559297561645508,57.63981628417969,1.2633285522460938,0.9944514632225037
SB67836_component_90a,29.132011,17.902101,53.20199966430664,244.04588317871094,29.131994247436523,17.90224266052246,57.489986419677734,1.175624132156372,0.9254133105278015
SB67836_component_93a,28.09189,21.055471,52.28200149536133,80.06432342529297,28.091978073120117,21.05543327331543,79.1211166381836,0.8394455313682556,0.6607844233512878
SB67836_component_100a,31.188969,15.817897,50.9739990234375,63.00865173339844,31.188968658447266,15.81800651550293,61.146881103515625,1.0590271949768066,0.8336320519447327
SB67836_component_101a,29.581324,20.324883,47.26100158691406,238.69192504882812,29.581369400024414,20.325057983398438,73.72528076171875,0.8143652081489563,0.6410419940948486
SB67836_component_104a,32.93206,18.184461,47.250999450683594,231.62254333496094,32.93208312988281,18.184558868408203,58.84965515136719,1.0199991464614868,0.8029103875160217
SB67836_component_106a,33.289016,18.223728,45.23699951171875,210.40464782714844,33.28903579711914,18.223865509033203,58.548126220703125,0.9815524220466614,0.772646427154541
SB67836_component_108a,34.293753,20.764469,46.6150016784668,110.2009506225586,34.29374313354492,20.764728546142578,44.96677780151367,1.3169419765472412,1.0366542339324951
SB67836_component_109a,33.342852,18.454366,44.319000244140625,195.23788452148438,33.34287643432617,18.454479217529297,50.385948181152344,1.117411732673645,0.8795904517173767
SB67836_component_111a,29.803613,18.56249,46.604000091552734,227.3365936279297,29.80373764038086,18.562591552734375,65.27855682373047,0.9069542288780212,0.7139251232147217
SB67836_component_113a,33.620731,19.303709,45.2130012512207,183.7926788330078,33.62077331542969,19.303911209106445,57.395809173583984,1.0007275342941284,0.7877404689788818
SB67836_component_114a,31.930181,17.571042,44.132999420166016,233.5079345703125,31.930177688598633,17.571155548095703,41.25516128540039,1.3589950799942017,1.069757103919983
SB67836_component_115a,28.598829,19.375942,43.650001525878906,193.1416015625,28.598834991455078,19.376060485839844,55.057491302490234,1.0071648359298706,0.7928076982498169
SB67836_component_116a,32.38411,20.08238,46.40599822998047,244.24209594726562,32.38405990600586,20.082487106323242,68.65477752685547,0.8586893677711487,0.6759325265884399
SB67836_component_119a,31.433351,21.083486,41.38999938964844,142.72413635253906,31.43337059020996,21.08362579345703,35.50048065185547,1.4811323881149292,1.165899634361267
SB67836_component_126a,33.00913,18.129195,40.29100036621094,194.64251708984375,33.009151458740234,18.129310607910156,52.050437927246094,0.9833687543869019,0.7740761041641235
SB67836_component_128a,29.896127,15.859529,38.43299865722656,43.624290466308594,29.89617347717285,15.859735488891602,44.51634979248047,1.096774697303772,0.8633456826210022
SB67836_component_131a,28.547776,20.666517,39.106998443603516,161.5991668701172,28.547826766967773,20.666513442993164,51.98210525512695,0.9557258486747742,0.7523165345191956
SB67836_component_134a,28.00256,17.870741,41.86000061035156,139.06976318359375,28.002498626708984,17.870765686035156,57.22978973388672,0.9292013049125671,0.7314372658729553
SB67836_component_136a,33.759824,19.660339,38.85300064086914,115.29080200195312,33.759864807128906,19.660541534423828,50.018096923828125,0.9868022203445435,0.7767788767814636
SB67836_component_139a,33.788552,20.585967,40.893001556396484,184.2027130126953,33.78856658935547,20.586183547973633,50.998565673828125,1.0186470746994019,0.8018460869789124
SB67836_component_141a,32.315573,18.242237,37.308998107910156,192.31442260742188,32.31559753417969,18.24230194091797,33.2292366027832,1.4263495206832886,1.1227762699127197
SB67836_component_142a,28.665682,18.10452,37.35499954223633,172.93980407714844,28.665668487548828,18.104610443115234,40.84193801879883,1.161916971206665,0.9146235585212708
SB67836_component_143a,30.155687,21.325999,39.266998291015625,68.88947296142578,30.155744552612305,21.326162338256836,55.7624626159668,0.8945785164833069,0.7041833400726318
SB67836_component_144a,30.566617,21.4739,40.94599914550781,59.08513259887695,30.56668472290039,21.474105834960938,61.710472106933594,0.8429179787635803,0.6635178327560425
SB67836_component_148a,32.083979,18.607199,35.125999450683594,172.186279296875,32.084007263183594,18.607255935668945,36.34443283081055,1.2277883291244507,0.9664753675460815
SB67836_component_149a,30.109941,20.921267,35.944000244140625,145.52227783203125,30.110027313232422,20.92137908935547,48.372013092041016,0.9439846873283386,0.7430742979049683
SB67836_component_151a,34.289405,17.407012,35.92599868774414,67.6572494506836,34.28935241699219,17.40718650817871,42.37891387939453,1.0769405364990234,0.8477329015731812
SB67836_component_152a,32.85403,18.68398,37.36000061035156,180.48309326171875,32.854061126708984,18.684104919433594,49.39497756958008,0.9608526229858398,0.7563521862030029
SB67836_component_156a,33.877454,18.51917,34.090999603271484,91.88948822021484,33.87746047973633,18.519363403320312,43.44512939453125,0.9968535304069519,0.7846909165382385
SB67836_component_160a,28.592217,21.16063,32.04199981689453,84.32105255126953,28.59228515625,21.160673141479492,37.7578125,1.078066349029541,0.8486190438270569
SB67836_component_161a,27.880382,20.769568,30.900999069213867,40.552490234375,27.880495071411133,20.769433975219727,38.01790237426758,1.0325642824172974,0.8128012418746948
SB67836_component_169a,34.537427,20.658988,32.340999603271484,51.33491897583008,34.5373649597168,20.65928077697754,29.335277557373047,1.4005414247512817,1.1024609804153442
SB67836_component_170a,30.63804,20.151308,30.249000549316406,152.77273559570312,30.638124465942383,20.151416778564453,38.86267852783203,0.9888058304786682,0.7783560156822205
SB67836_component_174a,33.902045,17.193694,31.011999130249023,109.58303833007812,33.90199279785156,17.193885803222656,41.289974212646484,0.9541526436805725,0.751078188419342
SB67836_component_176a,34.144914,17.243047,30.128999710083008,76.66412353515625,34.14491271972656,17.243255615234375,27.655067443847656,1.3840211629867554,1.0894567966461182
SB67836_component_177a,30.218169,16.807409,30.145000457763672,152.2474822998047,30.21819305419922,16.80755615234375,36.518653869628906,1.0486564636230469,0.8254685401916504
SB67836_component_178a,32.226514,21.191576,28.325000762939453,66.80424499511719,32.226375579833984,21.19173240661621,40.40607833862305,0.8905451893806458,0.7010084390640259
SB67836_component_179a,33.672161,16.512806,31.320999145507812,75.11031341552734,33.67211151123047,16.512958526611328,42.11750793457031,0.9447255730628967,0.7436574697494507
SB67836_component_180a,28.894971,16.933113,29.202999114990234,132.14027404785156,28.894968032836914,16.933300018310547,42.77547073364258,0.867292046546936,0.6827043294906616
SB67836_component_188a,32.386912,19.477932,28.573999404907227,144.31312561035156,32.38694763183594,19.478055953979492,27.34317398071289,1.3275619745254517,1.0450140237808228
SB67836_component_189a,32.252184,15.950134,26.916000366210938,45.543148040771484,32.252159118652344,15.950201034545898,40.52928924560547,0.8436731696128845,0.6641123294830322
SB67836_component_191a,30.441786,17.927493,28.114999771118164,153.63388061523438,30.441822052001953,17.927640914916992,34.08214569091797,1.0479580163955688,0.8249186873435974
SB67836_component_192a,30.578583,21.348364,28.1299991607666,55.70296859741211,30.5787296295166,21.348461151123047,39.03242111206055,0.9155392050743103,0.7206829190254211
SB67836_component_197a,32.61422,20.102477,27.215999603271484,148.7213134765625,32.614173889160156,20.102619171142578,38.558372497558594,0.8966817259788513,0.7058389186859131
SB67836_component_198a,30.180432,18.143012,26.11400032043457,141.15675354003906,30.180505752563477,18.143150329589844,32.73810958862305,1.013333797454834,0.797663688659668
SB67836_component_199a,29.58652,17.220047,26.850000381469727,139.11917114257812,29.58660125732422,17.220260620117188,33.122779846191406,1.0297937393188477,0.8106203675270081
SB67836_component_200a,34.054411,18.804758,25.562999725341797,78.65538787841797,34.054443359375,18.804981231689453,33.79835891723633,0.9608352780342102,0.7563384771347046
SB67836_component_203a,32.619757,19.185348,27.280000686645508,144.33863830566406,32.619781494140625,19.1854305267334,29.344266891479492,1.1810107231140137,0.929653525352478
SB67836_component_205a,30.578576,19.067108,26.683000564575195,134.76263427734375,30.5786190032959,19.06721305847168,32.70151138305664,1.0365722179412842,0.815956175327301
SB67836_component_207a,33.124847,20.80059,28.051000595092773,99.82563018798828,33.12481689453125,20.800878524780273,34.39267349243164,1.0361320972442627,0.8156097531318665
SB67836_component_210a,31.525397,20.582286,25.80900001525879,135.8368377685547,31.525381088256836,20.58238983154297,34.30475616455078,0.9557615518569946,0.7523446679115295
SB67836_component_211a,33.541619,18.765124,24.92300033569336,112.26576232910156,33.54167175292969,18.765281677246094,33.59608840942383,0.9424196481704712,0.7418423295021057
SB67836_component_212a,29.523579,20.140389,24.04800033569336,119.64179229736328,29.523616790771484,20.140554428100586,28.753908157348633,1.0624654293060303,0.8363385200500488
SB67836_component_213a,32.795989,19.976017,26.041000366210938,141.5271759033203,32.79600143432617,19.976198196411133,33.65898513793945,0.9828547835350037,0.773671567440033
SB67836_component_215a,33.953861,20.042803,24.33300018310547,64.88800048828125,33.95387649536133,20.04301643371582,28.05392837524414,1.1018810272216797,0.8673651814460754
SB67836_component_219a,34.391773,17.291976,23.89299964904785,39.62355041503906,34.39173889160156,17.29222297668457,13.925849914550781,2.179624557495117,1.71573007106781
SB67836_component_222a,33.725841,20.511551,22.652000427246094,102.0360336303711,33.725826263427734,20.511791229248047,29.328826904296875,0.9811707139015198,0.7723459601402283
SB67836_component_223a,32.752907,19.893117,23.858999252319336,131.8176727294922,32.752925872802734,19.893253326416016,28.60209083557129,1.0597102642059326,0.8341697454452515
SB67836_component_224a,30.621724,21.373258,23.31399917602539,46.16633605957031,30.62181854248047,21.373315811157227,36.5747184753418,0.8097827434539795,0.6374348402023315
SB67836_component_226a,32.340732,16.489557,24.41900062561035,100.48971557617188,32.34068298339844,16.489702224731445,32.903648376464844,0.9427934288978577,0.742136538028717
SB67836_component_228a,28.49123,19.788421,24.13599967956543,117.16504669189453,28.491182327270508,19.788572311401367,34.27715301513672,0.8945266008377075,0.7041425108909607
SB67836_component_231a,33.58176,21.488936,26.2810001373291,26.519678115844727,33.5817756652832,21.489259719848633,39.06599426269531,0.8546252846717834,0.6727334260940552
SB67836_component_233a,28.473425,21.568876,23.065000534057617,93.00403594970703,28.473358154296875,21.56900405883789,39.99081802368164,0.7326995134353638,0.5767574310302734
SB67836_component_234a,28.076522,20.167864,23.81100082397461,88.51673126220703,28.076440811157227,20.16801643371582,36.11164855957031,0.8376508951187134,0.6593717336654663
SB67836_component_235a,31.435311,18.430282,22.378999710083008,121.625,31.43533706665039,18.430397033691406,31.486257553100586,0.9029263854026794,0.7107545137405396
SB67836_component_239a,30.830673,19.357754,23.558000564575195,109.06481170654297,30.830705642700195,19.35791778564453,30.716825485229492,0.974304735660553,0.766941249370575
SB67836_component_240a,31.504521,18.430606,22.267000198364258,121.67759704589844,31.504520416259766,18.430694580078125,30.057205200195312,0.9411217570304871,0.7408207058906555
SB67836_component_241a,33.76515,17.724331,21.746999740600586,87.68951416015625,33.7651481628418,17.724523544311523,27.496212005615234,1.0047527551651,0.790908932685852
SB67836_component_242a,28.326001,17.671014,22.291000366210938,85.08015441894531,28.32594871520996,17.67109489440918,31.50110626220703,0.8989519476890564,0.7076259255409241
SB67836_component_245a,33.112923,17.233466,21.5049991607666,96.8693618774414,33.11288070678711,17.233600616455078,19.173519134521484,1.424853801727295,1.1215989589691162
SB67836_component_249a,29.352063,18.899067,21.915000915527344,114.73822784423828,29.352096557617188,18.8991756439209,30.322494506835938,0.9181408286094666,0.722730815410614
SB67836_component_250a,33.327754,17.252592,20.93199920654297,83.72799682617188,33.32772445678711,17.252704620361328,30.20824432373047,0.8802741169929504,0.692923367023468
SB67836_component_251a,32.04341,16.221572,21.93199920654297,63.20460891723633,32.043331146240234,16.22170639038086,29.113128662109375,0.9570223093032837,0.7533370852470398
SB67836_component_256a,30.512274,21.522753,20.475000381469727,22.826087951660156,30.51239776611328,21.522764205932617,35.2161979675293,0.7386083006858826,0.5814086198806763
SB67836_component_259a,27.267663,16.703989,22.638999938964844,41.08711242675781,27.26766586303711,16.703947067260742,21.333953857421875,1.3480890989303589,1.0611722469329834
SB67836_component_261a,28.156722,21.002716,19.56399917602539,41.98283004760742,28.156747817993164,21.002723693847656,15.523761749267578,1.6010074615478516,1.2602615356445312
SB67836_component_262a,33.612408,18.795211,20.341999053955078,85.11296844482422,33.612464904785156,18.795360565185547,26.275239944458008,0.9835119843482971,0.7741888761520386
SB67836_component_263a,31.188171,19.71071,20.51099967956543,110.87026977539062,31.18824577331543,19.71082305908203,27.537281036376953,0.946233868598938,0.7448447942733765
SB67836_component_264a,28.59783,20.408574,21.732999801635742,93.67672729492188,28.597795486450195,20.408681869506836,28.325746536254883,0.9747001528739929,0.767252504825592
SB67836_component_265a,34.541393,20.305902,18.760000228881836,23.420724868774414,34.541351318359375,20.306211471557617,21.697729110717773,1.0983766317367554,0.8646066188812256
SB67836_component_266a,28.886186,21.48677,20.292999267578125,23.930423736572266,28.886234283447266,21.486820220947266,26.64337730407715,0.9675862193107605,0.7616526484489441
SB67836_component_274a,33.817172,16.553398,20.694000244140625,41.63782501220703,33.81718826293945,16.553630828857422,31.35148811340332,0.8385307192802429,0.6600643992424011
SB67836_component_277a,33.060814,17.301528,19.243000030517578,86.2914810180664,33.060813903808594,17.301637649536133,24.200143814086914,1.010153889656067,0.7951605916023254
SB67836_component_278a,32.16926,21.280021,18.68899917602539,38.77385711669922,32.169227600097656,21.280092239379883,27.237152099609375,0.8716800212860107,0.6861583590507507
SB67836_component_279a,28.797682,18.353962,19.77400016784668,98.87000274658203,28.79768180847168,18.354032516479492,27.47890281677246,0.9141718745231628,0.7196066379547119
SB67836_component_283a,33.844125,20.605237,20.183000564575195,92.58257293701172,33.844085693359375,20.605337142944336,21.245702743530273,1.2068334817886353,0.9499803781509399
SB67836_component_286a,31.888707,16.128776,20.849000930786133,48.82670211791992,31.88869285583496,16.128841400146484,28.134618759155273,0.9414059519767761,0.7410444021224976
SB67836_component_288a,30.73858,18.010286,19.381999969482422,101.4764404296875,30.73863410949707,18.010446548461914,25.532697677612305,0.9643498063087463,0.7591050863265991
SB67836_component_290a,34.062385,20.165899,18.472999572753906,53.08333206176758,34.06234359741211,20.166133880615234,23.2045841217041,1.0113381147384644,0.796092689037323
SB67836_component_291a,34.187421,20.116161,19.187999725341797,36.135589599609375,34.18745040893555,20.11648941040039,25.342838287353516,0.9618496298789978,0.7571369409561157
SB67836_component_292a,31.588145,19.795528,18.18199920654297,90.90999603271484,31.588165283203125,19.79564094543457,25.25016212463379,0.9147663712501526,0.7200745344161987
SB67836_component_293a,33.906161,17.127038,17.898000717163086,54.567073822021484,33.906070709228516,17.12723159790039,17.148317337036133,1.3259150981903076,1.043717622756958
SB67836_component_296a,33.767916,19.926256,18.327999114990234,43.431278228759766,33.7679328918457,19.92649269104004,21.255687713623047,1.0953997373580933,0.8622632622718811
SB67836_component_297a,30.65135,16.113298,18.485000610351562,45.75495147705078,30.65139389038086,16.11345100402832,20.888681411743164,1.124193787574768,0.8849290609359741
SB67836_component_298a,27.837026,20.931254,18.003999710083008,18.637680053710938,27.837221145629883,20.930978775024414,22.391881942749023,1.0214358568191528,0.8040413856506348
SB67836_component_300a,33.851327,18.144903,18.885000228881836,46.74504852294922,33.8513069152832,18.145038604736328,27.961532592773438,0.8580029010772705,0.6753921508789062
SB67836_component_301a,30.333648,20.012024,18.05900001525879,105.60818481445312,30.333702087402344,20.0120906829834,23.932470321655273,0.9586032032966614,0.7545815110206604
SB67836_component_302a,31.601478,19.817294,17.878999710083008,87.21463012695312,31.601499557495117,19.81737518310547,23.917146682739258,0.9496564865112305,0.7475389838218689
SB67836_component_306a,32.03173,16.518856,16.46500015258789,78.77989959716797,32.03169631958008,16.518962860107422,19.618261337280273,1.0661883354187012,0.8392691016197205
SB67836_component_310a,31.772651,20.811057,16.820999145507812,78.60279846191406,31.772594451904297,20.81121063232422,20.109521865844727,1.0626317262649536,0.8364693522453308
SB67836_component_312a,32.442963,16.126783,16.840999603271484,40.77724075317383,32.442867279052734,16.12694549560547,23.976903915405273,0.8922930359840393,0.7023842334747314
SB67836_component_313a,32.343675,20.04474,18.725000381469727,98.5526351928711,32.343658447265625,20.04484748840332,24.692474365234375,0.963362991809845,0.7583282589912415
SB67836_component_314a,28.560281,15.805076,18.07699966430664,18.315095901489258,28.560270309448242,15.805283546447754,23.100971221923828,0.994097113609314,0.7825211882591248
SB67836_component_315a,33.79089,19.863933,17.214000701904297,44.828125,33.79095458984375,19.8641300201416,12.790760040283203,1.709693193435669,1.3458153009414673
SB67836_component_316a,28.667643,17.242453,16.753999710083008,77.2073745727539,28.667619705200195,17.242586135864258,14.620012283325195,1.4558058977127075,1.145963430404663
SB67836_component_320a,33.715561,20.614261,19.240999221801758,87.85844421386719,33.71559143066406,20.61448860168457,26.04880714416504,0.9383665323257446,0.7386518120765686
SB67836_component_321a,31.768134,20.62628,16.70599937438965,82.70296478271484,31.768035888671875,20.626489639282227,21.71981430053711,0.9771226048469543,0.7691593766212463
SB67836_component_323a,32.772657,19.514043,15.795999526977539,69.28070068359375,32.77272033691406,19.51418113708496,17.11791229248047,1.1722737550735474,0.9227760434150696
SB67836_component_326a,28.732641,17.482155,16.643999099731445,80.79611206054688,28.73264503479004,17.48227310180664,17.945323944091797,1.17825448513031,0.9274839162826538
SB67836_component_328a,30.293014,20.970545,15.579000473022461,60.85546875,30.2930965423584,20.970643997192383,11.645312309265137,1.6995000839233398,1.3377915620803833
SB67836_component_329a,29.2412,16.867614,16.667999267578125,85.47692108154297,29.241270065307617,16.86777687072754,21.626541137695312,0.9791046380996704,0.770719587802887
SB67836_component_331a,27.969546,19.167073,16.017000198364258,32.55487823486328,27.969539642333984,19.167158126831055,21.655757904052734,0.9395946264266968,0.7396185398101807
SB67836_component_334a,32.471792,17.580718,18.069000244140625,82.13182067871094,32.47173309326172,17.580976486206055,23.796241760253906,0.9646248817443848,0.7593215703964233
SB67836_component_335a,32.595793,21.255624,16.16699981689453,39.050724029541016,32.595516204833984,21.25572967529297,20.173137664794922,1.018095850944519,0.8014122843742371
SB67836_component_337a,33.160474,20.839546,16.1560001373291,58.963504791259766,33.16037368774414,20.839780807495117,11.467276573181152,1.7898072004318237,1.4088785648345947
SB67836_component_338a,30.770612,18.917819,15.182000160217285,80.75532531738281,30.77064323425293,18.917936325073242,20.082834243774414,0.9603658318519592,0.7559689879417419
SB67836_component_341a,34.471897,17.227226,17.3439998626709,22.466320037841797,34.471805572509766,17.22733497619629,21.044986724853516,1.0469677448272705,0.8241392374038696
SB67836_component_345a,33.946033,17.004171,17.195999145507812,45.01570510864258,33.94605255126953,17.00432014465332,23.598405838012695,0.9257153868675232,0.7286932468414307
SB67836_component_347a,33.844526,20.497709,15.286999702453613,64.77542114257812,33.84453201293945,20.49791145324707,19.252229690551758,1.0087276697158813,0.7940378785133362
SB67836_component_348a,33.272637,19.838225,14.901000022888184,73.04412078857422,33.2726936340332,19.838428497314453,14.487805366516113,1.3066086769104004,1.0285202264785767
SB67836_component_349a,33.603917,21.27005,15.133999824523926,31.139917373657227,33.603904724121094,21.270320892333984,16.761417388916016,1.147032380104065,0.9029068946838379
SB67836_component_351a,28.666354,19.956064,14.920999526977539,72.08212280273438,28.666349411010742,19.95615577697754,19.73670196533203,0.960408627986908,0.75600266456604
SB67836_component_352a,31.080436,19.436178,15.538999557495117,78.0854263305664,31.080535888671875,19.436283111572266,19.486230850219727,1.0130431652069092,0.7974348664283752
SB67836_component_353a,29.256463,20.346548,16.582000732421875,77.12557983398438,29.256547927856445,20.346622467041016,25.480878829956055,0.8267139196395874,0.6507624983787537
SB67836_component_355a,32.357722,20.849305,14.854000091552734,64.02586364746094,32.357540130615234,20.849483489990234,14.687882423400879,1.2847450971603394,1.0113098621368408
SB67836_component_356a,28.342022,18.780155,14.645000457763672,58.81526184082031,28.34209442138672,18.78011703491211,18.87035369873047,0.9859209060668945,0.7760850787162781
SB67836_component_357a,29.66101,17.493034,14.461999893188477,79.0273208618164,29.661056518554688,17.49325180053711,20.009435653686523,0.9181766510009766,0.7227590084075928
SB67836_component_360a,31.240193,21.117024,15.428999900817871,47.62036895751953,31.24020767211914,21.117097854614258,22.443775177001953,0.8733223676681519,0.687451183795929
SB67836_component_361a,33.465038,18.262579,14.26099967956543,55.490272521972656,33.46507263183594,18.262798309326172,22.02916145324707,0.822403073310852,0.6473691463470459
SB67836_component_362a,30.996824,16.09695,14.821999549865723,39.844085693359375,30.996814727783203,16.097021102905273,18.92503547668457,0.9949535131454468,0.7831953167915344
SB67836_component_363a,32.242047,20.834453,14.26099967956543,58.929752349853516,32.24195861816406,20.83457374572754,12.055220603942871,1.502821922302246,1.1829729080200195
SB67836_component_369a,33.60342,17.896616,14.02400016784668,52.92075729370117,33.60344696044922,17.89681053161621,14.250638961791992,1.250173568725586,0.9840962290763855
SB67836_component_371a,32.081921,19.126291,13.777999877929688,65.9234390258789,32.08192443847656,19.126379013061523,19.316240310668945,0.9061420559883118,0.7132858037948608
SB67836_component_374a,28.883364,19.414811,14.597000122070312,74.47449493408203,28.883331298828125,19.414932250976562,21.51911735534668,0.8617312908172607,0.6783270835876465
SB67836_component_380a,29.114685,17.583849,13.496999740600586,74.98332977294922,29.114683151245117,17.584028244018555,18.04754066467285,0.9500619173049927,0.7478581070899963
SB67836_component_381a,28.551932,18.22028,13.574000358581543,62.842594146728516,28.551942825317383,18.220338821411133,18.759124755859375,0.9192380905151367,0.7235945463180542
SB67836_component_391a,30.923213,17.795467,13.79800033569336,74.18279266357422,30.923192977905273,17.79566764831543,17.176637649536133,1.0204945802688599,0.8033004403114319
SB67836_component_395a,33.526663,19.677238,13.267000198364258,53.495967864990234,33.52669906616211,19.677448272705078,16.49805450439453,1.0215808153152466,0.8041554093360901
SB67836_component_397a,30.163179,18.258439,12.812999725341797,73.2171401977539,30.163286209106445,18.258573532104492,14.208200454711914,1.1456302404403687,0.9018031358718872
SB67836_component_399a,31.226833,20.133245,13.532999992370605,76.02809143066406,31.22694969177246,20.13330841064453,20.088741302490234,0.8558035492897034,0.673660933971405
SB67836_component_401a,32.711694,17.950282,14.08899974822998,73.0,32.71169662475586,17.95026397705078,19.295246124267578,0.9276039004325867,0.7301798462867737
SB67836_component_403a,29.199912,18.551797,13.470000267028809,68.3756332397461,29.199934005737305,18.551910400390625,20.380037307739258,0.8396443128585815,0.6609408855438232
SB67836_component_404a,28.160305,17.873422,12.586999893188477,53.79059982299805,28.16024398803711,17.873464584350586,17.542680740356445,0.911504864692688,0.7175071835517883
SB67836_component_407a,28.288774,17.182069,13.805999755859375,53.10000228881836,28.288780212402344,17.182170867919922,18.309722900390625,0.9578970074653625,0.7540255784988403
SB67836_component_408a,33.706862,18.446807,12.560999870300293,43.919578552246094,33.70684814453125,18.44691276550293,14.49217700958252,1.1010912656784058,0.8667435050010681
SB67836_component_409a,33.32518,19.714459,12.722999572753906,60.58571243286133,33.325260162353516,19.714622497558594,16.716711044311523,0.9668774008750916,0.7610946893692017
SB67836_component_410a,32.582799,16.72328,12.116000175476074,53.84889221191406,32.58273696899414,16.72338104248047,13.493546485900879,1.1406854391098022,0.8979107141494751
SB67836_component_412a,33.076772,16.966595,12.77299976348877,54.58546829223633,33.07678985595703,16.966615676879883,8.558395385742188,1.8959778547286987,1.492452621459961
SB67836_component_413a,29.394817,17.238492,12.418999671936035,58.3051643371582,29.394939422607422,17.238601684570312,15.011855125427246,1.0509570837020874,0.8272794485092163
SB67836_component_414a,29.686508,19.460033,13.956000328063965,63.43636703491211,29.686594009399414,19.46016502380371,19.961809158325195,0.888165295124054,0.6991350650787354
SB67836_component_416a,30.622148,18.372893,12.345999717712402,56.633026123046875,30.6221923828125,18.373090744018555,9.825040817260742,1.5963371992111206,1.2565851211547852
SB67836_component_418a,31.641422,18.756788,12.826000213623047,67.50526428222656,31.641414642333984,18.75681495666504,16.571521759033203,0.9832445979118347,0.7739784121513367
SB67836_component_420a,33.115934,18.502919,12.883999824523926,65.73469543457031,33.11590576171875,18.503055572509766,19.53191566467285,0.8379895091056824,0.6596382856369019
SB67836_component_422a,30.011852,21.468718,13.51200008392334,16.57914161682129,30.011770248413086,21.46884536743164,23.932931900024414,0.7172266840934753,0.5645776987075806
SB67836_component_426a,34.015472,17.367912,13.25100040435791,48.01087188720703,34.01539993286133,17.368162155151367,17.650014877319336,0.9537538290023804,0.7507642507553101
SB67836_component_429a,30.875065,20.433383,12.918000221252441,70.97802734375,30.87514877319336,20.433507919311523,15.289471626281738,1.0733356475830078,0.8448951244354248
SB67836_component_433a,32.894736,18.213766,11.977999687194824,59.88999938964844,32.89474868774414,18.213876724243164,14.420598983764648,1.0551974773406982,0.830617368221283
SB67836_component_434a,28.023047,18.053929,12.220999717712402,51.34873580932617,28.02301597595215,18.053869247436523,11.054628372192383,1.404414415359497,1.1055097579956055
SB67836_component_435a,33.237342,20.317345,12.39900016784668,56.10407257080078,33.237281799316406,20.3175048828125,15.98116397857666,0.985623300075531,0.7758508920669556
SB67836_component_437a,29.604322,17.259538,13.128999710083008,64.67488098144531,29.604385375976562,17.259811401367188,16.346521377563477,1.0203261375427246,0.8031678199768066
SB67836_component_438a,27.966747,19.129019,12.128999710083008,25.00824546813965,27.966711044311523,19.12895393371582,15.560625076293945,0.9902176260948181,0.7794674038887024
SB67836_component_439a,27.757312,18.593381,12.197999954223633,30.41895294189453,27.757450103759766,18.593338012695312,17.521947860717773,0.8843801021575928,0.6961554884910583
SB67836_component_440a,34.360632,17.100287,11.442000389099121,17.76708221435547,34.360572814941406,17.10041046142578,14.923654556274414,0.9740011692047119,0.7667022943496704
SB67836_component_441a,33.95434,16.578078,12.461000442504883,19.141321182250977,33.954246520996094,16.578161239624023,18.447551727294922,0.8581177592277527,0.6754826307296753
SB67836_component_444a,27.89522,16.0113,12.60200023651123,20.82975196838379,27.895078659057617,16.0114688873291,9.225889205932617,1.735257625579834,1.3659387826919556
SB67836_component_447a,30.738411,18.799382,11.758000373840332,59.68528366088867,30.73847198486328,18.799516677856445,15.357890129089355,0.9726008176803589,0.7655999660491943
SB67836_component_449a,32.307465,16.605985,11.262999534606934,52.877933502197266,32.30741500854492,16.60618782043457,13.091727256774902,1.092923641204834,0.8603142499923706
SB67836_component_452a,29.681837,16.069367,12.218999862670898,24.148221969604492,29.68196678161621,16.069705963134766,16.545686721801758,0.9381743669509888,0.7385005950927734
SB67836_component_453a,29.84836,18.823858,11.848999977111816,61.07731628417969,29.84851837158203,18.824039459228516,6.460832595825195,2.329838991165161,1.8339741230010986
SB67836_component_455a,27.865416,20.740115,12.638999938964844,16.350582122802734,27.86537742614746,20.740196228027344,10.544034957885742,1.5227850675582886,1.198687195777893
SB67836_component_459a,31.082872,20.272596,11.595999717712402,57.12315368652344,31.08292007446289,20.27280044555664,15.591751098632812,0.9448133707046509,0.7437265515327454
SB67836_component_460a,32.66146,18.274955,11.17199993133545,56.71065902709961,32.661529541015625,18.275123596191406,15.003667831420898,0.9459457397460938,0.7446179389953613
SB67836_component_461a,31.481441,18.378341,11.281000137329102,66.75148010253906,31.48142433166504,18.378387451171875,13.317875862121582,1.0760819911956787,0.8470569849014282
SB67836_component_463a,30.114964,16.758204,11.604000091552734,60.124351501464844,30.114973068237305,16.758378982543945,9.773181915283203,1.508358120918274,1.1873308420181274
SB67836_component_465a,31.861193,18.069804,11.729000091552734,69.4023666381836,31.861194610595703,18.069963455200195,13.556357383728027,1.099134087562561,0.8652029037475586
SB67836_component_466a,27.90478,17.993831,12.375,42.67241668701172,27.904857635498047,17.993715286254883,15.624123573303223,1.0061951875686646,0.7920444011688232
SB67836_component_469a,28.035663,19.589605,11.373000144958496,42.91698455810547,28.03563690185547,19.589685440063477,15.318119049072266,0.9431968331336975,0.7424541115760803
SB67836_component_477a,28.165774,17.624306,11.531999588012695,36.9615364074707,28.165857315063477,17.624422073364258,12.593143463134766,1.1633306741714478,0.9157363772392273
SB67836_component_478a,33.483349,18.138642,10.491000175476074,42.646339416503906,33.483280181884766,18.138608932495117,5.864039421081543,2.2727556228637695,1.7890398502349854
SB67836_component_479a,31.452483,17.374651,11.229999542236328,60.70269775390625,31.452369689941406,17.374771118164062,10.216282844543457,1.3964312076568604,1.099225640296936
SB67836_component_480a,28.967231,20.303526,12.324000358581543,61.31343460083008,28.967266082763672,20.303611755371094,15.754924774169922,0.9937292337417603,0.7822316288948059
SB67836_component_482a,31.40827,19.937551,10.993000030517578,63.54335403442383,31.408308029174805,19.9376220703125,12.708155632019043,1.0989208221435547,0.8650350570678711
SB67836_component_483a,33.183032,18.134713,11.064000129699707,58.85106658935547,33.18302917480469,18.134828567504883,9.63940715789795,1.4581243991851807,1.147788405418396
SB67836_component_484a,32.433369,16.994425,11.145999908447266,47.02953338623047,32.43328857421875,16.994609832763672,12.36262321472168,1.1453577280044556,0.9015885591506958
SB67836_component_485a,29.989852,20.870563,10.770999908447266,48.300445556640625,29.989913940429688,20.87068748474121,10.001958847045898,1.3680553436279297,1.0768890380859375
SB67836_component_488a,34.324307,20.954555,11.508999824523926,22.391050338745117,34.32427978515625,20.954757690429688,14.051029205322266,1.0405482053756714,0.8190858960151672
SB67836_component_489a,30.298722,20.390463,10.458000183105469,54.753929138183594,30.298770904541016,20.39052963256836,13.806378364562988,0.9622803330421448,0.7574759721755981
SB67836_component_494a,29.700222,17.297927,10.593999862670898,57.576087951660156,29.700298309326172,17.29817771911621,14.65194320678711,0.9185386896133423,0.7230440378189087
SB67836_component_495a,31.953602,17.390142,10.704999923706055,57.24598693847656,31.9534912109375,17.39027976989746,12.333146095275879,1.1026698350906372,0.8679861426353455
SB67836_component_496a,31.406793,17.185768,10.529000282287598,55.41579055786133,31.406803131103516,17.18588638305664,13.6749267578125,0.978126049041748,0.7699493169784546
SB67836_component_499a,32.424892,20.419081,10.560999870300293,52.02463150024414,32.42478561401367,20.4191837310791,16.06291961669922,0.835243821144104,0.6574769616127014
SB67836_component_502a,29.157841,18.240041,10.631999969482422,51.8634147644043,29.15782356262207,18.240074157714844,14.994993209838867,0.9007440805435181,0.709036648273468
SB67836_component_503a,33.237914,18.60605,10.307000160217285,48.84834289550781,33.23787307739258,18.606172561645508,13.845840454101562,0.9456831812858582,0.744411289691925
SB67836_component_504a,30.467282,16.898957,11.515000343322754,67.73529815673828,30.467294692993164,16.899085998535156,16.403263092041016,0.8917978405952454,0.7019944787025452
SB67836_component_508a,30.107379,19.562497,10.430000305175781,52.94416427612305,30.107524871826172,19.562545776367188,14.289438247680664,0.92726069688797,0.7299097776412964
SB67836_component_510a,34.398431,18.553851,10.762999534606934,10.541625022888184,34.39862060546875,18.554180145263672,4.224638938903809,3.2365059852600098,2.547673225402832
SB67836_component_511a,32.804504,18.808532,10.15999984741211,49.56097412109375,32.80451965332031,18.808664321899414,14.67507266998291,0.8795208930969238,0.6923304796218872
SB67836_component_512a,32.554741,16.823891,10.175999641418457,49.15941619873047,32.55472946166992,16.823888778686523,13.403402328491211,0.964483380317688,0.7592101693153381
SB67836_component_517a,30.38742,18.549023,10.607999801635742,39.43494415283203,30.38745880126953,18.549158096313477,13.787636756896973,0.9774091243743896,0.7693849205970764
SB67836_component_518a,27.771312,16.386266,10.069000244140625,27.8919677734375,27.771434783935547,16.386438369750977,13.526352882385254,0.9456672668457031,0.7443987727165222
SB67836_component_519a,27.918032,17.098928,10.170999526977539,30.002948760986328,27.91814422607422,17.098892211914062,7.380112648010254,1.7507871389389038,1.37816321849823
SB67836_component_520a,33.574496,20.087376,10.532999992370605,43.70539474487305,33.57450485229492,20.087745666503906,13.91873836517334,0.9613575339317322,0.7567496299743652
SB67836_component_521a,33.799276,18.924137,10.258999824523926,46.844749450683594,33.79935073852539,18.92430877685547,13.696812629699707,0.9515206813812256,0.7490063905715942
SB67836_component_523a,27.542076,16.372586,9.220000267028809,13.639053344726562,27.542142868041992,16.372785568237305,12.387421607971191,0.9455461502075195,0.7443034052848816
SB67836_component_524a,31.900881,17.289676,9.847000122070312,48.990047454833984,31.90087127685547,17.2897891998291,12.676427841186523,0.9868242144584656,0.7767961621284485
SB67836_component_525a,29.815715,18.679519,9.815999984741211,47.4202880859375,29.815706253051758,18.679607391357422,9.698043823242188,1.285828709602356,1.0121629238128662
SB67836_component_532a,34.014892,20.500984,9.486000061035156,37.0546875,34.01483917236328,20.501277923583984,9.479887962341309,1.2711963653564453,1.0006448030471802
SB67836_component_533a,31.9297,17.474495,10.041999816894531,58.72514343261719,31.929758071899414,17.47454261779785,12.286094665527344,1.0383387804031372,0.8173467516899109
SB67836_component_535a,29.230805,19.484675,9.494999885559082,48.94329833984375,29.230941772460938,19.484901428222656,4.799821853637695,2.5130584239959717,1.9781984090805054
SB67836_component_537a,28.496819,16.783293,10.430000305175781,50.63106918334961,28.496734619140625,16.783605575561523,12.641671180725098,1.0481237173080444,0.8250491619110107
SB67836_component_538a,28.103939,17.152692,9.67300033569336,31.405845642089844,28.103981018066406,17.152944564819336,14.965774536132812,0.8210974931716919,0.6463414430618286
SB67836_component_540a,32.612371,20.936414,9.604000091552734,45.30188751220703,32.61215591430664,20.93645477294922,11.46884822845459,1.0638123750686646,0.8373988270759583
SB67836_component_541a,28.52688,19.06144,9.088000297546387,41.497718811035156,28.526899337768555,19.061548233032227,12.416479110717773,0.9298279881477356,0.7319305539131165
SB67836_component_542a,29.065119,20.325312,10.211000442504883,48.85646057128906,29.06513786315918,20.32546043395996,13.011507034301758,0.996950089931488,0.7847669124603271
SB67836_component_543a,29.66234,17.106034,9.557000160217285,47.078819274902344,29.66237449645996,17.106281280517578,12.005077362060547,1.011321783065796,0.7960798740386963
SB67836_component_544a,30.462202,18.857614,9.869999885559082,45.0684928894043,30.4621524810791,18.857664108276367,6.312399864196777,1.9863481521606445,1.563589096069336
SB67836_component_548a,29.58264,16.05172,9.14900016784668,18.29800033569336,29.582569122314453,16.051746368408203,6.9606733322143555,1.6697640419006348,1.3143843412399292
SB67836_component_549a,33.371296,19.068511,8.79800033569336,37.43830108642578,33.37131881713867,19.068649291992188,10.274188041687012,1.0878504514694214,0.8563207387924194
SB67836_component_550a,33.725124,21.211345,8.968000411987305,22.198020935058594,33.725067138671875,21.21165657043457,12.555312156677246,0.9074042439460754,0.7142793536186218
SB67836_component_552a,33.011589,16.912048,9.265999794006348,39.93965530395508,33.01156997680664,16.91208839416504,11.95086669921875,0.9849759340286255,0.7753412127494812
SB67836_component_555a,33.174228,20.562136,10.036999702453613,48.023921966552734,33.174278259277344,20.562332153320312,12.294351577758789,1.037124752998352,0.816391110420227
SB67836_component_556a,32.417913,18.976218,9.055999755859375,51.163841247558594,32.41802978515625,18.976306915283203,10.035627365112305,1.146369457244873,0.9023849964141846
SB67836_component_559a,28.898791,19.178582,8.711000442504883,47.862640380859375,28.898820877075195,19.17854881286621,10.28947925567627,1.0754923820495605,0.8465929627418518
SB67836_component_560a,33.79699,20.173735,8.430999755859375,30.43682098388672,33.79708480834961,20.173917770385742,12.318441390991211,0.8694729208946228,0.6844210028648376
SB67836_component_562a,30.608708,17.038038,8.461999893188477,43.84455871582031,30.60866928100586,17.038223266601562,15.058974266052246,0.713855504989624,0.5619240403175354
SB67836_component_564a,29.384132,16.567725,8.746000289916992,43.08374786376953,29.3842716217041,16.567913055419922,10.3372802734375,1.0748203992843628,0.8460639715194702
SB67836_component_566a,33.614667,18.9867,8.458999633789062,42.29499816894531,33.614776611328125,18.986848831176758,7.058461666107178,1.5224452018737793,1.1984196901321411
SB67836_component_567a,34.438653,20.310443,9.017000198364258,14.089062690734863,34.438655853271484,20.310575485229492,9.473970413208008,1.2091015577316284,0.9517657160758972
SB67836_component_569a,29.442123,16.927513,8.489999771118164,45.159576416015625,29.442203521728516,16.927780151367188,5.423055171966553,1.9888240098953247,1.5655381679534912
SB67836_component_571a,29.980102,20.184047,8.769000053405762,46.89304733276367,29.9802303314209,20.184215545654297,7.2046613693237305,1.5462125539779663,1.2171286344528198
SB67836_component_574a,28.253326,17.592374,8.798999786376953,29.928569793701172,28.253280639648438,17.592479705810547,13.458775520324707,0.830539882183075,0.6537741422653198
SB67836_component_577a,33.904836,17.677722,8.276000022888184,28.736112594604492,33.90485763549805,17.677780151367188,9.438455581665039,1.1139155626296997,0.8768383860588074
SB67836_component_584a,28.267321,18.821869,8.420000076293945,29.75265121459961,28.26731300354004,18.82198143005371,12.456979751586914,0.8586813807487488,0.6759262681007385
SB67836_component_588a,30.727149,19.224465,8.756999969482422,43.78499984741211,30.727298736572266,19.22457504272461,12.224669456481934,0.9100199937820435,0.7163383960723877
SB67836_component_589a,28.768979,18.707335,8.303999900817871,43.93650817871094,28.768980026245117,18.70755386352539,9.301356315612793,1.1341584920883179,0.8927730321884155
SB67836_component_591a,31.228841,16.873432,8.281000137329102,44.047874450683594,31.228853225708008,16.87354278564453,10.301931381225586,1.0211671590805054,0.8038298487663269
SB67836_component_592a,27.671909,18.195573,8.96500015258789,23.34635353088379,27.671924591064453,18.19554901123047,11.43283462524414,0.9961600303649902,0.7841449975967407
SB67836_component_594a,28.552325,17.544484,8.531000137329102,36.45726776123047,28.552356719970703,17.54452896118164,11.882805824279785,0.9120395183563232,0.7179281115531921
SB67836_component_595a,31.789041,19.599779,7.75,41.22340393066406,31.789011001586914,19.59989356994629,8.423487663269043,1.1688060760498047,0.9200464487075806
SB67836_component_599a,29.218034,20.520207,8.378000259399414,39.895240783691406,29.21819496154785,20.520254135131836,11.39598560333252,0.9339447617530823,0.7351711988449097
SB67836_component_600a,30.906055,19.189644,9.208000183105469,46.040000915527344,30.906169891357422,19.189767837524414,13.824955940246582,0.846124529838562,0.666041910648346
SB67836_component_602a,29.319156,17.581964,8.449000358581543,45.181819915771484,29.319120407104492,17.582143783569336,11.100055694580078,0.9669697284698486,0.7611674070358276
SB67836_component_604a,29.989825,17.64164,9.076000213623047,49.868133544921875,29.98986053466797,17.6418514251709,12.651216506958008,0.9113703966140747,0.717401385307312
SB67836_component_606a,31.218219,17.88306,8.416999816894531,47.8238639831543,31.218231201171875,17.883272171020508,12.302900314331055,0.8691255450248718,0.6841475963592529
SB67836_component_608a,32.68259,19.849962,7.7870001792907715,43.50279235839844,32.68260955810547,19.850208282470703,9.927932739257812,0.9964237809181213,0.7843526601791382
SB67836_component_611a,33.940774,20.007102,8.029000282287598,20.587181091308594,33.94075393676758,20.00730323791504,8.600441932678223,1.1859692335128784,0.9335567355155945
SB67836_component_612a,32.445562,20.331657,7.763999938964844,39.81538391113281,32.44541549682617,20.331859588623047,9.499369621276855,1.0383014678955078,0.8173173666000366
SB67836_component_614a,31.331547,16.181795,8.137999534606934,25.195043563842773,31.33160400390625,16.181848526000977,8.400713920593262,1.2306488752365112,0.9687271118164062
SB67836_component_618a,27.899448,15.928725,7.73199987411499,10.753825187683105,27.899503707885742,15.92894458770752,8.222945213317871,1.1945302486419678,0.9402956962585449
SB67836_component_621a,32.924303,16.225339,7.559999942779541,21.295774459838867,32.924076080322266,16.2254695892334,6.932952404022217,1.385275959968567,1.090444564819336
SB67836_component_622a,28.786616,21.141862,7.811999797821045,23.112424850463867,28.786653518676758,21.1417293548584,9.995415687561035,0.9928738474845886,0.7815582752227783
SB67836_component_625a,34.212271,17.484943,8.138999938964844,19.612049102783203,34.21208190917969,17.48525047302246,10.044069290161133,1.029423475265503,0.8103289604187012
SB67836_component_627a,28.098635,16.052271,7.929999828338623,17.466960906982422,28.098491668701172,16.052515029907227,10.091828346252441,0.9982424378395081,0.7857842445373535
SB67836_component_630a,32.432684,20.391979,8.104000091552734,41.773193359375,32.43259048461914,20.39208221435547,11.557043075561523,0.8908107280731201,0.7012174129486084
SB67836_component_631a,33.96599,19.461649,7.828999996185303,23.58132553100586,33.96593475341797,19.461973190307617,8.073023796081543,1.2319775819778442,0.9697729349136353
SB67836_component_632a,33.250236,21.127401,7.872000217437744,19.389163970947266,33.25019073486328,21.127517700195312,11.307634353637695,0.8843945860862732,0.6961668729782104
SB67836_component_633a,33.851288,20.553917,7.947000026702881,34.254310607910156,33.85127258300781,20.55414581298828,11.763738632202148,0.8582040667533875,0.6755505204200745
SB67836_component_634a,32.021558,18.581491,8.0600004196167,41.97916793823242,32.0215950012207,18.581430435180664,11.517661094665527,0.889003574848175,0.6997948884963989
SB67836_component_639a,29.868429,21.406231,8.756999969482422,14.867572784423828,29.868446350097656,21.406435012817383,13.291056632995605,0.8370059728622437,0.6588640809059143
SB67836_component_641a,28.381478,16.418306,8.204999923706055,36.79372024536133,28.38140869140625,16.418384552001953,8.025261878967285,1.2988293170928955,1.0223965644836426
SB67836_component_643a,28.299805,16.088077,6.793000221252441,17.97089958190918,28.299694061279297,16.088029861450195,5.7637410163879395,1.497234582901001,1.178574800491333
SB67836_component_647a,30.54657,20.875663,7.734000205993652,34.37333679199219,30.546728134155273,20.875825881958008,10.641861915588379,0.9232499003410339,0.726752519607544
SB67836_component_650a,28.254446,17.850997,7.164999961853027,31.703540802001953,28.254396438598633,17.850990295410156,9.685967445373535,0.9397360682487488,0.7397299408912659
SB67836_component_653a,29.487301,16.759253,7.46999979019165,39.523807525634766,29.48736000061035,16.759492874145508,6.857511043548584,1.383842945098877,1.089316487312317
SB67836_component_655a,29.360738,17.144918,7.625,37.19512176513672,29.360870361328125,17.145206451416016,10.416692733764648,0.9299138784408569,0.7319981455802917
SB67836_component_660a,28.991066,17.800189,7.363999843597412,35.74757385253906,28.99105453491211,17.800294876098633,8.907630920410156,1.0502296686172485,0.8267068862915039
SB67836_component_663a,33.786016,19.719,7.353000164031982,21.883930206298828,33.78601837158203,19.719226837158203,11.041046142578125,0.8460325002670288,0.6659694910049438
SB67836_component_665a,33.00243,16.268048,7.28000020980835,22.965299606323242,33.00236511230469,16.26828956604004,7.052234172821045,1.3114067316055298,1.0322970151901245
SB67836_component_666a,31.919317,19.480583,7.617000102996826,41.62295150756836,31.91936683654785,19.48074722290039,10.889942169189453,0.8885688781738281,0.6994527578353882
SB67836_component_667a,33.673366,17.319974,7.306000232696533,30.95762825012207,33.67327117919922,17.3201961517334,7.433037281036377,1.248665452003479,0.9829091429710388
SB67836_component_668a,29.432806,15.968099,6.931000232696533,12.289007186889648,29.4329776763916,15.968168258666992,8.26435661315918,1.065416932106018,0.838661789894104
SB67836_component_669a,31.581211,17.221939,7.367000102996826,39.60752487182617,31.581138610839844,17.222084045410156,7.729446887969971,1.210807204246521,0.9531083106994629
SB67836_component_671a,28.060274,19.312497,7.994999885559082,22.77777671813965,28.060258865356445,19.312570571899414,12.351102828979492,0.8223287463188171,0.6473106145858765
SB67836_component_672a,32.221541,17.911545,7.658999919891357,39.890625,32.22160720825195,17.911670684814453,9.13603687286377,1.0649933815002441,0.83832848072052
SB67836_component_674a,29.847087,17.458365,7.568999767303467,41.587913513183594,29.847192764282227,17.458486557006836,9.914752960205078,0.9698159098625183,0.763407826423645
SB67836_component_676a,33.339194,18.151906,7.247000217437744,33.09132385253906,33.33926010131836,18.152095794677734,10.580657005310059,0.8701184391975403,0.6849291324615479
SB67836_component_678a,28.052206,16.122256,7.916999816894531,20.457365036010742,28.052175521850586,16.122323989868164,6.300737380981445,1.5962538719177246,1.2565195560455322
SB67836_component_682a,31.843081,20.431086,7.2820000648498535,36.77777862548828,31.84304428100586,20.43111228942871,10.010725975036621,0.9240975975990295,0.7274197936058044
SB67836_component_690a,32.17002,16.648854,7.488999843597412,36.710784912109375,32.169986724853516,16.648971557617188,9.78403091430664,0.9723860621452332,0.7654309272766113
SB67836_component_692a,31.028958,16.886043,7.375,40.52198028564453,31.02894401550293,16.88625144958496,10.846447944641113,0.8637881278991699,0.6799461245536804
SB67836_component_696a,34.11408,18.409448,6.822000026702881,10.897764205932617,34.114173889160156,18.409631729125977,11.067317962646484,0.7830725908279419,0.6164094805717468
SB67836_component_697a,27.510488,16.884988,7.140999794006348,11.192789077758789,27.510271072387695,16.885000228881836,7.29932975769043,1.2428215742111206,0.9783089756965637
SB67836_component_700a,33.616681,16.283424,7.285999774932861,16.672767639160156,33.6165771484375,16.283445358276367,10.619190216064453,0.8716265559196472,0.6861163377761841
SB67836_component_704a,30.168054,18.188392,6.755000114440918,37.32044219970703,30.168193817138672,18.18848991394043,11.620017051696777,0.7385014295578003,0.5813244581222534
SB67836_component_705a,28.065799,18.319553,6.796999931335449,31.322582244873047,28.06586456298828,18.319622039794922,9.581859588623047,0.9011564254760742,0.7093612551689148
SB67836_component_708a,29.005816,18.698889,6.317999839782715,30.669902801513672,29.00554084777832,18.699153900146484,3.061558961868286,2.621619701385498,2.0636544227600098
SB67836_component_711a,28.476805,19.358433,7.802999973297119,35.30769348144531,28.476795196533203,19.35854148864746,8.411233901977539,1.1785136461257935,0.9276878833770752
SB67836_component_718a,29.480026,21.231223,7.070000171661377,17.456790924072266,29.480138778686523,21.231643676757812,10.578563690185547,0.8490347266197205,0.6683326959609985
SB67836_component_721a,29.092764,19.273109,6.783999919891357,36.278072357177734,29.09276008605957,19.273202896118164,7.3546600341796875,1.1718066930770874,0.9224083423614502
SB67836_component_722a,30.563307,16.467526,6.334000110626221,28.660633087158203,30.563310623168945,16.467796325683594,7.592781066894531,1.0597658157348633,0.8342134356498718
SB67836_component_724a,33.748236,18.631021,6.285999774932861,23.63157844543457,33.74835205078125,18.631378173828125,9.099370002746582,0.8775982856750488,0.6908170580863953
SB67836_component_725a,30.211995,16.033271,6.11899995803833,15.852331161499023,30.212093353271484,16.033367156982422,8.64255428314209,0.899437665939331,0.7080082893371582
SB67836_component_726a,30.138288,17.450108,6.190999984741211,32.58420944213867,30.138259887695312,17.450437545776367,6.431421279907227,1.222887635231018,0.9626176953315735
SB67836_component_729a,28.959598,19.709033,6.610000133514404,36.72222137451172,28.9596004486084,19.709131240844727,8.580094337463379,0.9786831736564636,0.7703878283500671
SB67836_component_730a,29.822334,18.390084,7.289999961853027,38.57143020629883,29.822473526000977,18.39021110534668,10.263370513916016,0.9023401141166687,0.7102929949760437
SB67836_component_731a,30.446152,19.818866,6.051000118255615,33.80447006225586,30.446189880371094,19.818933486938477,7.399223804473877,1.0389000177383423,0.8177884817123413
SB67836_component_733a,31.605508,20.135293,6.043000221252441,31.973546981811523,31.605445861816406,20.135438919067383,7.925522327423096,0.9686288833618164,0.7624734044075012
SB67836_component_734a,32.173568,17.831009,6.557000160217285,33.62564468383789,32.17351531982422,17.831079483032227,8.540414810180664,0.975346565246582,0.7677613496780396
SB67836_component_738a,32.357823,16.51288,6.479000091552734,26.55327796936035,32.35783767700195,16.51298713684082,8.840555191040039,0.9310246109962463,0.7328725457191467
SB67836_component_739a,29.526971,16.658455,6.2729997634887695,33.90810775756836,29.52701759338379,16.658552169799805,8.2833251953125,0.9620624780654907,0.7573045492172241
SB67836_component_740a,33.648011,19.346987,6.645999908447266,26.165353775024414,33.64803695678711,19.347152709960938,9.06062126159668,0.9318265318870544,0.7335037589073181
SB67836_component_741a,32.735957,16.21065,6.874000072479248,19.528409957885742,32.73591232299805,16.210731506347656,7.919267654418945,1.102699637413025,0.8680095672607422
SB67836_component_743a,33.151434,18.002097,6.644000053405762,33.38693618774414,33.151554107666016,18.002119064331055,5.983760833740234,1.4105486869812012,1.1103384494781494
SB67836_component_744a,33.740319,16.260088,7.11299991607666,12.885869979858398,33.740028381347656,16.2603702545166,7.684227466583252,1.1759403944015503,0.9256623387336731
SB67836_component_745a,30.370705,20.664561,6.959000110626221,36.820106506347656,30.370683670043945,20.664751052856445,9.596927642822266,0.9211860299110413,0.7251279354095459
SB67836_component_747a,30.173838,17.66313,6.210000038146973,34.120880126953125,30.173799514770508,17.663257598876953,7.243688106536865,1.0890920162200928,0.8572980761528015
SB67836_component_750a,31.568519,20.817843,6.578999996185303,35.56216049194336,31.56851577758789,20.818002700805664,7.990894794464111,1.0459169149398804,0.8233120441436768
SB67836_component_751a,32.146633,18.289237,6.613999843597412,35.559139251708984,32.146671295166016,18.289337158203125,9.01116943359375,0.9324289560317993,0.7339779734611511
SB67836_component_755a,28.286003,16.257331,5.953000068664551,20.81468391418457,28.285932540893555,16.257532119750977,6.3373613357543945,1.193328857421875,0.9393499493598938
SB67836_component_758a,30.335105,18.573828,6.005000114440918,24.61065673828125,30.33515739440918,18.574003219604492,8.23905086517334,0.9259095191955566,0.7288460731506348
SB67836_component_759a,28.326436,20.912005,5.415999889373779,16.119047164916992,28.326478958129883,20.91189193725586,9.002948760986328,0.7642344236373901,0.6015806794166565
SB67836_component_760a,30.987118,20.063215,6.619999885559082,31.374406814575195,30.986980438232422,20.063322067260742,5.931690216064453,1.4177910089492798,1.1160393953323364
SB67836_component_763a,29.908462,17.630598,6.579999923706055,36.96628952026367,29.908432006835938,17.630813598632812,7.626521587371826,1.0960544347763062,0.8627786636352539
SB67836_component_765a,34.177347,17.691031,5.328999996185303,12.74880313873291,34.1773681640625,17.691150665283203,6.760650634765625,1.0013593435287476,0.7882377505302429
SB67836_component_766a,30.6576,18.024182,6.947999954223633,37.96721267700195,30.657621383666992,18.024337768554688,9.288426399230957,0.9502773284912109,0.7480276823043823
SB67836_component_767a,28.580726,18.552842,6.334000110626221,31.356435775756836,28.580772399902344,18.55293083190918,9.446288108825684,0.8518235087394714,0.6705279350280762
SB67836_component_768a,34.009314,20.009234,5.656000137329102,13.466667175292969,34.00942611694336,20.009614944458008,5.527320384979248,1.299952507019043,1.0232806205749512
SB67836_component_774a,33.824656,21.044349,6.692999839782715,22.611486434936523,33.82453155517578,21.044706344604492,6.513029098510742,1.3054808378219604,1.027632474899292
SB67836_component_775a,29.042042,21.089208,6.61299991607666,18.267955780029297,29.04216957092285,21.0891170501709,9.049516677856445,0.9283373951911926,0.7307572364807129
SB67836_component_776a,32.036473,17.518565,6.613999843597412,34.628273010253906,32.036346435546875,17.51865005493164,10.201041221618652,0.8236684203147888,0.6483651995658875
SB67836_component_779a,32.155509,18.237741,5.822000026702881,31.989011764526367,32.15549850463867,18.23775863647461,8.703841209411621,0.8497554659843445,0.6689000725746155
SB67836_component_780a,28.511051,18.262662,5.732999801635742,28.241378784179688,28.510997772216797,18.26260757446289,8.388989448547363,0.868170440196991,0.6833957433700562
SB67836_component_781a,28.815004,17.941358,6.311999797821045,31.247522354125977,28.814987182617188,17.941444396972656,7.302811622619629,1.0980184078216553,0.8643246293067932
SB67836_component_784a,33.91286,21.16248,5.943999767303467,14.972290992736816,33.91275405883789,21.16271209716797,8.385237693786621,0.9005257487297058,0.7088648080825806
SB67836_component_785a,30.290871,19.161917,6.343999862670898,32.53333282470703,30.290908813476562,19.16200828552246,5.28829288482666,1.5239838361740112,1.1996309757232666
SB67836_component_787a,32.188819,20.190819,6.199999809265137,32.124351501464844,32.18886947631836,20.190874099731445,8.434041023254395,0.9338749051094055,0.735116183757782
SB67836_component_790a,30.613964,20.531465,6.191999912261963,34.20994567871094,30.61408042907715,20.531631469726562,6.502928256988525,1.2096360921859741,0.9521864056587219
SB67836_component_792a,33.461969,19.114516,5.688000202178955,26.455814361572266,33.46211624145508,19.114614486694336,7.551828861236572,0.9568419456481934,0.75319504737854
SB67836_component_796a,33.100944,17.077723,6.783999919891357,28.62447166442871,33.100894927978516,17.07786750793457,8.172611236572266,1.0545270442962646,0.8300896286964417
SB67836_component_797a,28.563172,18.282886,6.047999858856201,29.217390060424805,28.563140869140625,18.282958984375,7.346662521362305,1.045813798904419,0.8232309222221375
SB67836_component_806a,33.487553,18.446393,5.8429999351501465,25.185344696044922,33.48773956298828,18.446340560913086,6.319636344909668,1.1745635271072388,0.9245784878730774
SB67836_component_807a,31.171805,17.459529,5.855000019073486,30.18041229248047,31.171770095825195,17.459672927856445,8.14635944366455,0.9130530953407288,0.7187259793281555
SB67836_component_808a,32.201016,17.37214,6.6579999923706055,34.49740982055664,32.20098114013672,17.372350692749023,10.510685920715332,0.8047211766242981,0.6334505677223206
SB67836_component_814a,29.084086,16.687789,5.671999931335449,27.400964736938477,29.084211349487305,16.68787956237793,5.615122318267822,1.2832454442977905,1.0101293325424194
SB67836_component_815a,30.733716,20.020378,5.5,23.913043975830078,30.733753204345703,20.020511627197266,5.901835918426514,1.1838816404342651,0.9319133758544922
SB67836_component_821a,34.088001,18.705746,5.879000186920166,15.635639190673828,34.08793258666992,18.70585060119629,7.376186847686768,1.012521505355835,0.7970243096351624
SB67836_component_823a,30.046854,20.731299,6.068999767303467,31.94210433959961,30.04686164855957,20.731393814086914,7.085582256317139,1.0881136655807495,0.8565280437469482
SB67836_component_825a,28.768533,19.462544,5.581999778747559,26.836536407470703,28.768508911132812,19.462663650512695,7.918656826019287,0.8955111503601074,0.7049174904823303
SB67836_component_831a,32.887446,17.150258,5.703000068664551,22.630952835083008,32.8873405456543,17.150463104248047,8.376811981201172,0.8648829460144043,0.6808079481124878
SB67836_component_832a,30.688189,17.227199,5.916999816894531,31.641708374023438,30.688173294067383,17.2274169921875,7.663984775543213,0.9807981252670288,0.7720526456832886
SB67836_component_838a,31.651006,17.925294,5.803999900817871,30.072538375854492,31.65109634399414,17.92535972595215,7.112857341766357,1.0366114377975464,0.8159871101379395
SB67836_component_839a,29.220046,19.004702,5.676000118255615,31.18681526184082,29.22011375427246,19.00476837158203,6.508443832397461,1.1078933477401733,0.872097909450531
SB67836_component_841a,33.616174,18.761718,5.942999839782715,27.136985778808594,33.61619567871094,18.761850357055664,8.122701644897461,0.9294754862785339,0.731653094291687
SB67836_component_842a,28.830054,17.625133,5.613999843597412,29.08808135986328,28.830150604248047,17.62523651123047,8.034575462341309,0.8876508474349976,0.6987301111221313
SB67836_component_845a,32.356972,20.456579,6.113999843597412,32.695186614990234,32.35688400268555,20.456716537475586,8.096517562866211,0.9593120217323303,0.7551394701004028
SB67836_component_847a,27.987465,16.880182,5.124000072479248,19.557252883911133,27.987545013427734,16.880067825317383,8.251198768615723,0.788905143737793,0.6210007071495056
SB67836_component_848a,29.562155,19.865624,5.867000102996826,32.77653503417969,29.562297821044922,19.865623474121094,5.827696800231934,1.2789450883865356,1.0067442655563354
SB67836_component_850a,29.322392,17.611566,6.008999824523926,31.793649673461914,29.322439193725586,17.611896514892578,7.817927837371826,0.9764348268508911,0.7686179876327515
SB67836_component_851a,27.85727,17.185217,5.284999847412109,12.038723945617676,27.857458114624023,17.185461044311523,6.117249011993408,1.0975430011749268,0.8639504313468933
SB67836_component_852a,28.514097,20.352661,6.234000205993652,26.415254592895508,28.51422691345215,20.352672576904297,7.6047444343566895,1.0413936376571655,0.8197514414787292
SB67836_component_855a,31.520788,18.271042,5.580999851226807,31.178770065307617,31.52079200744629,18.271093368530273,6.685553550720215,1.060491919517517,0.834784984588623
SB67836_component_857a,28.316155,20.028495,5.684000015258789,25.039648056030273,28.316232681274414,20.028541564941406,7.511878967285156,0.9612540602684021,0.756668210029602
SB67836_component_861a,28.126148,17.614251,5.361000061035156,15.814160346984863,28.126253128051758,17.614316940307617,7.848025321960449,0.8677969574928284,0.6831017732620239
SB67836_component_865a,31.810063,17.697696,5.5320000648498535,31.79310417175293,31.810060501098633,17.69788360595703,5.429103851318359,1.2944543361663818,1.01895272731781
SB67836_component_869a,32.184626,19.378729,5.6620001792907715,27.485437393188477,32.18474197387695,19.378860473632812,6.903923988342285,1.041853427886963,0.8201133608818054
SB67836_component_874a,29.512033,18.410522,5.2220001220703125,29.670455932617188,29.51205825805664,18.410579681396484,7.554311275482178,0.8781622052192688,0.6912609338760376
SB67836_component_875a,30.687164,17.397255,5.324999809265137,28.026315689086914,30.68715476989746,17.397445678710938,7.273283958435059,0.9300830960273743,0.7321314215660095
SB67836_component_877a,34.335412,19.121849,5.13700008392334,10.792016983032227,34.335453033447266,19.122116088867188,6.911564350128174,0.9442042112350464,0.7432470917701721
SB67836_component_883a,29.409226,16.681085,4.974999904632568,26.1842098236084,29.409364700317383,16.681344985961914,7.477381706237793,0.8452326059341431,0.6653398275375366
SB67836_component_885a,33.543355,17.471518,5.15500020980835,25.024272918701172,33.54348373413086,17.471670150756836,6.294015407562256,1.0404796600341797,0.8190320134162903
SB67836_component_889a,31.946308,17.815715,5.620999813079834,29.740739822387695,31.946380615234375,17.815963745117188,6.93378210067749,1.0298551321029663,0.8106686472892761
SB67836_component_892a,30.908163,18.671071,4.938000202178955,23.40284538269043,30.908077239990234,18.67104148864746,6.574296474456787,0.9541893005371094,0.7511070370674133
SB67836_component_893a,32.699861,18.154448,5.026000022888184,26.73404312133789,32.69977569580078,18.154550552368164,4.935314655303955,1.2937202453613281,1.0183748006820679
SB67836_component_894a,32.780978,16.966108,5.285999774932861,23.1842098236084,32.78098678588867,16.9661922454834,6.788917064666748,0.9891436100006104,0.7786219120025635
SB67836_component_897a,29.01192,19.446639,5.002999782562256,26.89784812927246,29.01189422607422,19.446735382080078,7.232364177703857,0.8787855505943298,0.6917516589164734
SB67836_component_902a,32.371054,18.874249,4.906000137329102,25.957674026489258,32.371070861816406,18.87431526184082,5.595571994781494,1.1138219833374023,0.876764714717865
SB67836_component_905a,31.302511,16.514844,5.135000228881836,28.060110092163086,31.30249786376953,16.514892578125,6.448709011077881,1.0115803480148315,0.7962834239006042
SB67836_component_907a,30.276168,18.29888,5.216000080108643,26.079999923706055,30.276214599609375,18.29912567138672,6.102640628814697,1.0858066082000732,0.8547120094299316
SB67836_component_911a,30.569225,16.434438,5.383999824523926,22.62184715270996,30.569122314453125,16.434717178344727,6.799630165100098,1.0058945417404175,0.7918077707290649
SB67836_component_913a,29.275976,19.244252,5.401000022888184,30.6875,29.27606773376465,19.24437141418457,7.444958209991455,0.9216046333312988,0.7254573702812195
SB67836_component_914a,28.969395,20.5278,4.98799991607666,26.25263214111328,28.96950340270996,20.527790069580078,5.1085920333862305,1.2403889894485474,0.9763942360877991
SB67836_component_919a,27.993668,19.72571,5.343999862670898,21.54838752746582,27.993799209594727,19.725746154785156,6.364120006561279,1.0667455196380615,0.839707612991333
SB67836_component_922a,33.155361,17.555614,5.10099983215332,21.706382751464844,33.15532684326172,17.5559139251709,3.618325710296631,1.7909373044967651,1.409767985343933
SB67836_component_925a,31.904699,19.693428,5.060999870300293,27.06416893005371,31.904844284057617,19.693485260009766,6.834041595458984,0.9407872557640076,0.7405573725700378
SB67836_component_926a,33.614645,18.162817,4.953000068664551,17.197917938232422,33.614540100097656,18.162906646728516,5.521414756774902,1.13959538936615,0.8970527052879333
SB67836_component_927a,30.09843,20.862017,4.593999862670898,21.669811248779297,30.098705291748047,20.861753463745117,2.8351235389709473,2.0585038661956787,1.6203879117965698
SB67836_component_931a,31.993845,17.131758,5.188000202178955,28.822221755981445,31.993709564208984,17.132150650024414,6.363570213317871,1.03569495677948,0.8152656555175781
SB67836_component_936a,29.822936,16.705887,5.073999881744385,22.651784896850586,29.823095321655273,16.706079483032227,7.674064636230469,0.8399582505226135,0.6611880660057068
SB67836_component_937a,33.047813,17.393922,5.136000156402588,23.452054977416992,33.047672271728516,17.394126892089844,6.041641712188721,1.079947829246521,0.8501001000404358
SB67836_component_941a,30.203251,21.07299,4.770999908447266,15.642621994018555,30.203266143798828,21.072933197021484,4.976162433624268,1.2180007696151733,0.9587709307670593
SB67836_component_942a,29.187465,19.377885,4.913000106811523,26.846996307373047,29.187482833862305,19.378124237060547,6.582247257232666,0.948211669921875,0.7464016079902649
SB67836_component_944a,31.479579,18.910397,4.421000003814697,22.556123733520508,31.479562759399414,18.9105281829834,2.932011127471924,1.9155240058898926,1.5078387260437012
SB67836_component_949a,33.742773,16.692118,4.5279998779296875,11.376884460449219,33.74278259277344,16.69195556640625,4.525827884674072,1.2709869146347046,1.0004799365997314
SB67836_component_955a,32.108322,18.82022,5.008999824523926,25.426395416259766,32.10832977294922,18.820350646972656,6.9376139640808105,0.9172201752662659,0.7220061421394348
SB67836_component_956a,31.765063,18.444391,4.348999977111816,25.284883499145508,31.765108108520508,18.44447898864746,4.759182453155518,1.160886526107788,0.9138123989105225
SB67836_component_958a,28.068434,19.901798,4.564000129699707,21.227907180786133,28.068265914916992,19.90216064453125,5.694665908813477,1.01814603805542,0.8014518022537231
SB67836_component_959a,32.899652,20.521002,4.750999927520752,24.116750717163086,32.89958572387695,20.52130889892578,5.541051387786865,1.0892449617385864,0.8574184775352478
SB67836_component_960a,30.57899,19.450988,4.656000137329102,21.962265014648438,30.579023361206055,19.451032638549805,6.111265659332275,0.967864453792572,0.7618716359138489
SB67836_component_961a,32.204077,16.775425,4.7270002365112305,23.285717010498047,32.20397186279297,16.775602340698242,8.01125717163086,0.7495794296264648,0.5900447368621826
SB67836_component_962a,28.062757,20.460342,5.238999843597412,14.121294021606445,28.06290626525879,20.46051025390625,8.337580680847168,0.7982538938522339,0.6283597350120544
SB67836_component_969a,27.857219,16.986829,4.765999794006348,14.530487060546875,27.85735321044922,16.986494064331055,5.3753485679626465,1.1263675689697266,0.8866401314735413
SB67836_component_973a,28.795765,19.226146,4.6539998054504395,25.71270751953125,28.795690536499023,19.22649383544922,4.953941345214844,1.1934609413146973,0.9394539594650269
SB67836_component_976a,30.012314,18.698586,4.269000053405762,22.00515365600586,30.012380599975586,18.698650360107422,6.252062797546387,0.8674322366714478,0.6828146576881409
SB67836_component_979a,29.650824,19.072646,4.489999771118164,24.2702693939209,29.650970458984375,19.072813034057617,4.219958782196045,1.3516703844070435,1.0639914274215698
SB67836_component_982a,28.615352,16.198977,4.171999931335449,12.416666984558105,28.615123748779297,16.199010848999023,5.591578006744385,0.9478565454483032,0.7461221218109131
SB67836_component_983a,30.393921,18.418554,4.394000053405762,22.418367385864258,30.393970489501953,18.41890525817871,5.477863311767578,1.0190173387527466,0.8021376132965088
SB67836_component_988a,33.00941,19.668239,4.576000213623047,23.22842788696289,33.00948715209961,19.66816520690918,4.3162760734558105,1.3468198776245117,1.0601731538772583
SB67836_component_989a,29.744112,18.961132,4.7170000076293945,25.360214233398438,29.744075775146484,18.961336135864258,3.1130106449127197,1.924943447113037,1.5152534246444702
SB67836_component_994a,27.905288,19.390084,4.544000148773193,11.532995223999023,27.90553092956543,19.39027976989746,6.236060619354248,0.925679624080658,0.7286651730537415
SB67836_component_999a,32.814236,19.86329,4.619999885559082,25.955055236816406,32.81437301635742,19.863372802734375,5.940138816833496,0.9880480766296387,0.7777596116065979
SB67836_component_1000a,28.036295,16.341076,4.504000186920166,15.372014045715332,28.036380767822266,16.340984344482422,6.047717571258545,0.9461055994033813,0.744743824005127
SB67836_component_1003a,30.599368,19.428481,5.019000053405762,22.813636779785156,30.59933090209961,19.428499221801758,6.530357837677002,0.9763666391372681,0.7685643434524536
SB67836_component_1004a,33.019704,19.29386,4.513999938964844,23.633506774902344,33.01970291137695,19.29401206970215,6.388436794281006,0.897634744644165,0.7065891027450562
SB67836_component_1006a,33.171559,18.368833,4.711999893188477,21.916278839111328,33.17162322998047,18.368980407714844,5.348067760467529,1.119286060333252,0.881065845489502
SB67836_component_1007a,33.00196,17.106293,4.517000198364258,16.667898178100586,33.00202178955078,17.106670379638672,4.479195594787598,1.2810993194580078,1.0084400177001953
SB67836_component_1018a,31.712216,18.051799,4.202000141143799,22.11579132080078,31.71225929260254,18.05186653137207,5.688262462615967,0.9384456872940063,0.7387141585350037
SB67836_component_1023a,30.499889,18.773958,4.296999931335449,18.601730346679688,30.50001335144043,18.77403450012207,6.485708713531494,0.841667652130127,0.6625335812568665
SB67836_component_1024a,33.604423,18.831949,4.696000099182129,19.325103759765625,33.60438919067383,18.832063674926758,5.065966606140137,1.1776018142700195,0.9269701838493347
SB67836_component_1030a,33.169813,19.312794,4.394000053405762,21.645320892333984,33.169898986816406,19.312856674194336,5.137383937835693,1.0865525007247925,0.8552991151809692
SB67836_component_1032a,31.349413,19.108604,4.758999824523926,24.405128479003906,31.349390029907227,19.108600616455078,6.956289291381836,0.8691020011901855,0.6841290593147278
SB67836_component_1033a,29.86624,17.011268,4.070000171661377,20.45226287841797,29.86625099182129,17.011491775512695,5.484152793884277,0.9427957534790039,0.7421383857727051
SB67836_component_1035a,30.50964,19.334421,4.308000087738037,21.117647171020508,30.50966453552246,19.334487915039062,6.9896979331970215,0.7829788327217102,0.6163356304168701
SB67836_component_1041a,32.608836,16.781448,4.517000198364258,21.821256637573242,32.60874938964844,16.781511306762695,4.558821201324463,1.258723258972168,0.9908263683319092
SB67836_component_1043a,29.566051,16.881453,4.293000221252441,24.531431198120117,29.56619644165039,16.881628036499023,6.56803560256958,0.8303442001342773,0.6536201238632202
SB67836_component_1044a,28.55633,16.913882,4.448999881744385,22.134326934814453,28.556400299072266,16.914073944091797,6.048407077789307,0.9344457983970642,0.7355655431747437
SB67836_component_1045a,28.392399,20.413448,4.131999969482422,15.953667640686035,28.392433166503906,20.413585662841797,5.900900363922119,0.8895589113235474,0.7002321481704712
SB67836_component_1052a,28.156616,19.349934,3.8299999237060547,12.475569725036621,28.156538009643555,19.350309371948242,5.03007173538208,0.9672913551330566,0.7614205479621887
SB67836_component_1053a,29.366225,19.964894,4.242000102996826,21.532995223999023,29.366348266601562,19.964923858642578,5.106383800506592,1.0553340911865234,0.8307248950004578
SB67836_component_1054a,28.67888,17.665779,4.560999870300293,21.213953018188477,28.67880630493164,17.66559600830078,7.599092483520508,0.7624845504760742,0.6002032160758972
SB67836_component_1057a,33.477863,20.858844,3.6449999809265137,13.912214279174805,33.47779083251953,20.858890533447266,3.1949901580810547,1.4493080377578735,1.1408486366271973
SB67836_component_1059a,30.454779,19.099402,4.564000129699707,22.048309326171875,30.45477867126465,19.09950065612793,6.3737993240356445,0.9096618294715881,0.7160564661026001
SB67836_component_1060a,30.720532,20.847179,4.086999893188477,19.098129272460938,30.72075843811035,20.847209930419922,5.625337600708008,0.9229724407196045,0.7265341281890869
SB67836_component_1061a,33.296645,19.309147,4.585000038146973,20.198238372802734,33.296756744384766,19.30946159362793,4.992127895355225,1.1667729616165161,0.9184460043907166
SB67836_component_1065a,28.362667,17.297163,4.263999938964844,16.656248092651367,28.36266326904297,17.297321319580078,5.906382083892822,0.9171246290206909,0.7219309210777283
SB67836_component_1066a,32.377265,18.782154,4.013999938964844,21.580644607543945,32.377288818359375,18.782150268554688,4.238933086395264,1.2029664516448975,0.9469363689422607
SB67836_component_1069a,29.150854,20.14598,4.1519999504089355,21.076141357421875,29.150724411010742,20.146244049072266,4.948545932769775,1.0658901929855347,0.8390343189239502
SB67836_component_1070a,32.802965,18.390124,4.3429999351501465,22.50259017944336,32.80292510986328,18.390356063842773,4.357447624206543,1.2661651372909546,0.9966843724250793
SB67836_component_1071a,30.230306,18.204831,4.324999809265137,25.0,30.23027801513672,18.205095291137695,5.445878505706787,1.008906364440918,0.7941785454750061
SB67836_component_1072a,32.239591,17.091382,3.7360000610351562,17.539905548095703,32.239498138427734,17.091524124145508,4.849221229553223,0.9787406325340271,0.7704330086708069
SB67836_component_1073a,30.510504,17.816329,4.010000228881836,20.355331420898438,30.510513305664062,17.81641387939453,5.337084770202637,0.9544935822486877,0.7513465285301208
SB67836_component_1080a,31.340024,16.896798,4.375999927520752,24.58426856994629,31.339954376220703,16.897010803222656,6.120903015136719,0.908227264881134,0.7149271965026855
SB67836_component_1084a,33.073539,20.263272,3.9549999237060547,18.481307983398438,33.07339859008789,20.26351547241211,5.207226753234863,0.9648786783218384,0.7595213651657104
SB67836_component_1086a,27.903976,18.505041,3.7219998836517334,12.878891944885254,27.903831481933594,18.504961013793945,3.472296953201294,1.3617337942123413,1.0719128847122192
SB67836_component_1090a,33.852429,18.704362,3.8989999294281006,14.996153831481934,33.85250473022461,18.70471954345703,5.779947280883789,0.8569629788398743,0.6745736002922058
SB67836_component_1092a,31.002731,16.496551,4.086999893188477,21.176164627075195,31.002609252929688,16.496686935424805,4.260022163391113,1.2187803983688354,0.9593846797943115
SB67836_component_1093a,28.600192,18.38557,4.302999973297119,20.990243911743164,28.600202560424805,18.385602951049805,5.131767749786377,1.0652145147323608,0.8385024666786194
SB67836_component_1094a,33.902963,20.60386,4.394999980926514,19.446903228759766,33.90275192260742,20.604028701782227,4.613588809967041,1.210187554359436,0.9526206254959106
SB67836_component_1096a,28.31756,20.970081,4.144000053405762,10.763636589050293,28.31785774230957,20.970230102539062,3.39631986618042,1.5500434637069702,1.220144271850586
SB67836_component_1101a,33.625661,20.717862,3.9049999713897705,18.864734649658203,33.625823974609375,20.718061447143555,3.6392297744750977,1.3631519079208374,1.0730292797088623
SB67836_component_1103a,30.101071,17.158029,3.8259999752044678,19.42131996154785,30.101137161254883,17.158349990844727,5.733273983001709,0.8477640748023987,0.6673324704170227
SB67836_component_1106a,32.116589,17.408824,3.486999988555908,19.054645538330078,32.11653518676758,17.408950805664062,4.674745082855225,0.947603702545166,0.7459230422973633
SB67836_component_1109a,29.434178,16.110602,4.074999809265137,10.8090181350708,29.43417739868164,16.110795974731445,4.716468811035156,1.0975980758666992,0.8639938235282898
SB67836_component_1111a,30.567065,20.389935,3.867000102996826,21.483333587646484,30.56702995300293,20.389835357666016,5.497320175170898,0.8936261534690857,0.7034336924552917
SB67836_component_1115a,33.075566,21.039786,4.27400016784668,12.68249225616455,33.075504302978516,21.039920806884766,5.9763970375061035,0.9085060358047485,0.7151466012001038
SB67836_component_1117a,29.151122,20.963848,3.8380000591278076,12.666666984558105,29.151138305664062,20.964065551757812,4.765118598937988,1.0232081413269043,0.8054364323616028
SB67836_component_1118a,29.236085,18.852687,3.8970000743865967,20.72872543334961,29.236085891723633,18.852928161621094,4.740450859069824,1.0443438291549683,0.8220736980438232
SB67836_component_1121a,28.763472,16.57352,3.5510001182556152,15.046610832214355,28.763240814208984,16.574003219604492,4.074634075164795,1.1071202754974365,0.8714893460273743
SB67836_component_1123a,29.364368,18.990617,3.744999885559082,20.243242263793945,29.364404678344727,18.99057388305664,3.580012083053589,1.3289237022399902,1.0460858345031738
SB67836_component_1128a,30.638169,20.009843,4.001999855041504,19.521949768066406,30.638334274291992,20.00995635986328,4.904804229736328,1.036544919013977,0.8159346580505371
SB67836_component_1129a,31.565251,16.805835,3.8499999046325684,20.588233947753906,31.565292358398438,16.806068420410156,5.565314769744873,0.878827691078186,0.6917847394943237
SB67836_component_1134a,28.878576,17.75159,3.7990000247955322,18.531707763671875,28.878509521484375,17.75164794921875,3.5263893604278564,1.3685849905014038,1.0773059129714966
SB67836_component_1137a,29.242862,18.560101,4.025000095367432,21.756757736206055,29.242938995361328,18.560331344604492,5.711068630218506,0.8953261375427246,0.7047718167304993
SB67836_component_1142a,30.468443,16.094024,4.01800012588501,10.382429122924805,30.468408584594727,16.093975067138672,5.283290386199951,0.9661357998847961,0.7605109214782715
SB67836_component_1146a,30.48298,20.18998,3.8959999084472656,20.397905349731445,30.482908248901367,20.190324783325195,4.617184638977051,1.0719497203826904,0.8438042402267456
SB67836_component_1149a,32.551522,20.665491,3.5409998893737793,18.835105895996094,32.551307678222656,20.6655216217041,4.605929374694824,0.9766554236412048,0.7687916159629822
SB67836_component_1156a,33.128222,19.064902,3.7290000915527344,18.55223846435547,33.12833786010742,19.065231323242188,4.3691205978393555,1.0842541456222534,0.853489875793457
SB67836_component_1157a,32.440261,16.27045,3.671999931335449,12.03934383392334,32.44034194946289,16.270414352416992,4.342413425445557,1.0742472410202026,0.8456127047538757
SB67836_component_1158a,30.180753,16.736477,3.6110000610351562,19.10582160949707,30.180896759033203,16.736658096313477,3.989680767059326,1.1497993469238281,0.9050849676132202
SB67836_component_1164a,32.224314,18.624452,3.3329999446868896,17.919353485107422,32.22419357299805,18.624614715576172,5.746010780334473,0.7368881702423096,0.5800545811653137
SB67836_component_1167a,32.366615,16.603751,3.2279999256134033,14.739726066589355,32.3665885925293,16.604013442993164,4.172485828399658,0.9828140735626221,0.7736395001411438
SB67836_component_1169a,32.207177,21.024555,3.9040000438690186,13.233899116516113,32.20707702636719,21.024442672729492,5.519466876983643,0.8985565304756165,0.707314670085907
SB67836_component_1173a,29.573742,17.022467,3.621000051498413,18.664947509765625,29.573684692382812,17.02259635925293,4.562546253204346,1.0082169771194458,0.7936357855796814
SB67836_component_1176a,30.910936,20.014544,3.809999942779541,17.31818199157715,30.910856246948242,20.014766693115234,5.096424102783203,0.9497123956680298,0.7475829720497131
SB67836_component_1181a,32.360595,16.547876,3.7829999923706055,17.84433937072754,32.360565185546875,16.548004150390625,5.396242141723633,0.8905895948410034,0.701043426990509
SB67836_component_1185a,27.926905,19.50957,3.6040000915527344,11.055214881896973,27.926803588867188,19.50969123840332,4.553308010101318,1.0055195093154907,0.7915124893188477
SB67836_component_1188a,31.332051,17.630985,3.6570000648498535,19.767568588256836,31.33212661743164,17.631000518798828,2.235267400741577,2.078395366668701,1.6360459327697754
SB67836_component_1189a,32.896485,16.920692,3.765000104904175,16.659292221069336,32.8963737487793,16.921003341674805,6.312399387359619,0.7577103972434998,0.5964451432228088
SB67836_component_1192a,30.139113,20.352325,3.7929999828338623,18.235576629638672,30.139219284057617,20.35249137878418,5.433424949645996,0.886833131313324,0.6980863809585571
SB67836_component_1193a,30.185301,16.581205,3.4110000133514404,14.271966934204102,30.18523406982422,16.5817813873291,4.244076728820801,1.0210129022598267,0.8037083745002747
SB67836_component_1195a,30.523479,19.067059,3.4170000553131104,17.170854568481445,30.523563385009766,19.06711769104004,5.237753391265869,0.8287673592567444,0.6523789763450623
SB67836_component_1198a,33.493994,20.88871,3.447000026702881,13.106463432312012,33.49405288696289,20.88890838623047,5.040962219238281,0.8686814308166504,0.6837980151176453
SB67836_component_1200a,29.506681,20.06321,3.4000000953674316,18.681320190429688,29.506803512573242,20.06341552734375,2.8233444690704346,1.52984619140625,1.2042455673217773
SB67836_component_1201a,28.717565,19.531648,3.63100004196167,15.786956787109375,28.717634201049805,19.53191566467285,4.345613956451416,1.0614702701568604,0.8355551362037659
SB67836_component_1202a,30.280572,18.727021,3.190999984741211,15.5658540725708,30.28053092956543,18.727197647094727,4.688691139221191,0.8645853996276855,0.6805737018585205
SB67836_component_1205a,28.840149,20.989734,3.8469998836517334,14.910853385925293,28.84025001525879,20.98975372314453,4.7054948806762695,1.0386029481887817,0.817554771900177
SB67836_component_1210a,30.496665,20.050698,3.2170000076293945,17.97206687927246,30.496795654296875,20.050872802734375,5.804187297821045,0.7041129469871521,0.5542550086975098
SB67836_component_1211a,29.319177,20.660474,3.3450000286102295,15.55813980102539,29.319171905517578,20.660268783569336,4.957317352294922,0.8571999073028564,0.674760103225708
SB67836_component_1213a,33.635739,19.860763,3.5789999961853027,12.557894706726074,33.635643005371094,19.861055374145508,4.810927391052246,0.9450735449790955,0.7439314126968384
SB67836_component_1214a,30.479863,16.37615,3.1659998893737793,14.071110725402832,30.479969024658203,16.376298904418945,5.002070903778076,0.8040698170661926,0.6329378485679626
SB67836_component_1218a,33.126509,18.288127,3.4260001182556152,18.419355392456055,33.12633514404297,18.288057327270508,3.81015944480896,1.1422914266586304,0.8991749882698059
SB67836_component_1219a,32.380232,19.306071,3.5799999237060547,20.457141876220703,32.380455017089844,19.306385040283203,3.756040573120117,1.2108362913131714,0.9531313180923462
SB67836_component_1226a,30.514775,18.537147,3.5179998874664307,15.635555267333984,30.514673233032227,18.537324905395508,5.0071282386779785,0.8925648927688599,0.7025983333587646
SB67836_component_1232a,29.266032,17.4118,3.132999897003174,17.902856826782227,29.266151428222656,17.41201400756836,5.4003472328186035,0.737006664276123,0.5801478624343872
SB67836_component_1240a,28.287133,20.073368,3.4140000343322754,14.7155179977417,28.2869873046875,20.073326110839844,4.700652599334717,0.9226523637771606,0.7262821197509766
SB67836_component_1241a,33.000873,18.158772,3.138000011444092,16.34375,33.00065231323242,18.158720016479492,2.6924047470092773,1.480625867843628,1.1655008792877197
SB67836_component_1242a,29.002308,21.014413,2.816999912261963,10.550561904907227,29.00266456604004,21.014440536499023,4.694377422332764,0.7623274326324463,0.6000795364379883
SB67836_component_1243a,29.658132,19.285353,3.3410000801086426,17.310880661010742,29.658004760742188,19.285709381103516,4.095017433166504,1.0364620685577393,0.8158695697784424
SB67836_component_1245a,28.575672,18.036061,3.615999937057495,17.21904754638672,28.575687408447266,18.036155700683594,4.267314434051514,1.0764813423156738,0.8473713397979736
SB67836_component_1246a,33.089677,20.029099,3.078000068664551,15.62436580657959,33.08962631225586,20.029205322265625,4.08453369140625,0.9573238492012024,0.7535744309425354
SB67836_component_1247a,28.5186,19.419931,3.7260000705718994,18.264705657958984,28.518600463867188,19.420024871826172,4.5399088859558105,1.0426257848739624,0.8207213282585144
SB67836_component_1248a,32.215676,18.841768,3.2190001010894775,16.094999313354492,32.2155647277832,18.8419189453125,3.8116254806518555,1.0728610754013062,0.8445216417312622
SB67836_component_1251a,28.307655,18.494053,3.638000011444092,16.387386322021484,28.307666778564453,18.49392318725586,4.217126369476318,1.0959198474884033,0.862672746181488
SB67836_component_1253a,30.650968,17.245498,3.561000108718872,18.841270446777344,30.65096092224121,17.24562644958496,3.9395549297332764,1.1483057737350464,0.9039092659950256
SB67836_component_1254a,31.640457,21.061931,3.5169999599456787,13.68482494354248,31.640655517578125,21.06179428100586,4.554315090179443,0.9810293912887573,0.7722346782684326
SB67836_component_1259a,30.696643,20.814715,3.259999990463257,16.71794891357422,30.696697235107422,20.814970016479492,3.6360652446746826,1.138986587524414,0.896573543548584
SB67836_component_1262a,31.160107,16.793233,3.197000026702881,18.695905685424805,31.16008949279785,16.79323387145996,4.418759346008301,0.9191258549690247,0.7235062718391418
SB67836_component_1263a,30.370961,21.022502,3.312000036239624,12.787644386291504,30.371212005615234,21.02240753173828,5.659387111663818,0.7434532046318054,0.5852223634719849
SB67836_component_1266a,33.033248,18.460747,3.3329999446868896,16.10144805908203,33.03349304199219,18.460832595825195,4.682319641113281,0.9042884111404419,0.7118266820907593
SB67836_component_1269a,32.367131,18.433579,2.809999942779541,15.27173900604248,32.36741638183594,18.43356704711914,4.412142276763916,0.8090763688087463,0.6368787884712219
SB67836_component_1270a,33.27072,20.517094,3.4189999103546143,16.759803771972656,33.27088165283203,20.517288208007812,4.403303146362305,0.9864003658294678,0.7764625549316406
SB67836_component_1272a,30.383068,18.252626,3.2090001106262207,17.535520553588867,30.38306427001953,18.2528076171875,4.416701316833496,0.9230057597160339,0.7265603542327881
SB67836_component_1273a,31.513535,19.918138,3.240999937057495,16.044553756713867,31.51338005065918,19.918352127075195,4.922918319702148,0.8363520503044128,0.658349335193634
SB67836_component_1275a,29.369247,17.777547,3.3589999675750732,16.149038314819336,29.369356155395508,17.777915954589844,4.333240985870361,0.9847588539123535,0.7751703858375549
SB67836_component_1276a,33.559713,20.33646,3.046999931335449,14.238317489624023,33.55973815917969,20.33637809753418,1.7385401725769043,2.2264883518218994,1.752619743347168
SB67836_component_1277a,30.576665,16.737038,3.635999917984009,19.340425491333008,30.576644897460938,16.73717498779297,5.757246494293213,0.8023092150688171,0.6315519213676453
SB67836_component_1280a,31.225336,18.606651,3.365000009536743,18.189189910888672,31.225452423095703,18.606618881225586,5.159459114074707,0.8285402059555054,0.6522001624107361
SB67836_component_1286a,33.197047,20.225603,3.322000026702881,15.0316743850708,33.19697570800781,20.225727081298828,4.3507161140441895,0.9699996709823608,0.7635524868965149
SB67836_component_1289a,29.917498,20.736023,3.2239999771118164,15.881773948669434,29.91755485534668,20.73613739013672,4.4984846115112305,0.9104613661766052,0.7166857719421387
SB67836_component_1291a,33.022569,17.032963,3.4179999828338623,13.29961109161377,33.022682189941406,17.033111572265625,5.038875102996826,0.8617299199104309,0.6783260107040405
SB67836_component_1294a,32.164639,18.059103,2.934999942779541,15.447368621826172,32.16443634033203,18.05905532836914,2.393747329711914,1.5576235055923462,1.2261110544204712
SB67836_component_1297a,33.607852,18.953389,3.1059999465942383,15.686868667602539,33.60808181762695,18.953359603881836,3.762598991394043,1.0486878156661987,0.8254932165145874
SB67836_component_1298a,33.186419,20.40725,3.187999963760376,14.759258270263672,33.186279296875,20.407644271850586,4.256453990936279,0.9514874815940857,0.7489802241325378
SB67836_component_1312a,33.16219,20.303505,3.4860000610351562,15.702702522277832,33.162086486816406,20.30388069152832,3.8306427001953125,1.1560815572738647,0.9100300669670105
SB67836_component_1313a,32.180535,19.544874,3.427000045776367,18.82967185974121,32.18046569824219,19.544963836669922,4.414727210998535,0.9861499667167664,0.7762654423713684
SB67836_component_1314a,29.109787,20.651119,3.186000108718872,16.50777244567871,29.10979652404785,20.65114974975586,4.218160629272461,0.9595229625701904,0.7553055286407471
SB67836_component_1317a,30.282617,18.066471,3.009000062942505,15.590673446655273,30.28290557861328,18.06652069091797,4.352502346038818,0.8782454133033752,0.6913264393806458
SB67836_component_1321a,30.269338,16.947061,3.4019999504089355,18.0,30.26952362060547,16.946870803833008,4.149282932281494,1.0415831804275513,0.8199006915092468
SB67836_component_1328a,32.185789,19.228837,3.309999942779541,17.795698165893555,32.18575668334961,19.22892189025879,2.834949493408203,1.4832534790039062,1.1675692796707153
SB67836_component_1330a,29.18905,20.302552,3.191999912261963,16.203044891357422,29.189008712768555,20.30307388305664,2.703235149383545,1.5000708103179932,1.18080735206604
SB67836_component_1335a,29.029686,16.989646,3.0339999198913574,14.311320304870605,29.02967643737793,16.989713668823242,4.1587300300598145,0.9268032908439636,0.7295496463775635
SB67836_component_1336a,29.226233,19.378965,2.8450000286102295,14.817708015441895,29.226411819458008,19.378822326660156,4.7527947425842285,0.7604417204856873,0.5985952019691467
SB67836_component_1342a,33.842837,19.201983,3.2679998874664307,15.271027565002441,33.84296417236328,19.202228546142578,3.3919036388397217,1.2239713668823242,0.9634707570075989
SB67836_component_1345a,30.534415,20.037336,3.1059999465942383,16.26177978515625,30.534469604492188,20.037445068359375,3.816007137298584,1.034010648727417,0.8139397501945496
SB67836_component_1351a,29.115739,17.426636,3.122999906539917,17.94827651977539,29.115646362304688,17.426820755004883,3.8980231285095215,1.0177949666976929,0.8011752963066101
SB67836_component_1353a,32.877002,18.973992,2.865999937057495,13.845410346984863,32.87702941894531,18.973995208740234,3.5204339027404785,1.0342193841934204,0.8141041994094849
SB67836_component_1354a,29.515167,19.495154,3.119999885559082,16.082473754882812,29.515058517456055,19.495161056518555,3.912198781967163,1.0131328105926514,0.7975054383277893
SB67836_component_1356a,31.651201,17.266123,3.0250000953674316,15.673575401306152,31.651029586791992,17.266324996948242,3.2715680599212646,1.1746329069137573,0.9246330857276917
SB67836_component_1357a,32.199222,17.168821,3.2300000190734863,16.395938873291016,32.19927215576172,17.16910743713379,2.9785377979278564,1.3776285648345947,1.0844247341156006
SB67836_component_1360a,31.904717,16.360415,2.7079999446868896,10.257575988769531,31.904830932617188,16.36037826538086,3.5860114097595215,0.9593336582183838,0.7551565170288086
SB67836_component_1362a,32.768441,19.343237,2.99399995803833,15.197969436645508,32.7684211730957,19.34325408935547,4.202913761138916,0.9049696922302246,0.7123629450798035
SB67836_component_1364a,31.198378,20.414884,3.1510000228881836,16.242267608642578,31.198266983032227,20.415056228637695,2.170834541320801,1.8439723253250122,1.451515555381775
SB67836_component_1369a,33.642783,20.956154,2.9749999046325684,11.531007766723633,33.642921447753906,20.956375122070312,3.1665711402893066,1.1935219764709473,0.9395020008087158
SB67836_component_1373a,30.626637,18.173461,3.177000045776367,17.080644607543945,30.626754760742188,18.173633575439453,4.434595584869385,0.9101142287254333,0.7164126038551331
SB67836_component_1374a,31.211224,18.893844,2.759000062942505,14.295336723327637,31.211257934570312,18.893970489501953,4.275266647338867,0.8198251128196716,0.6453399062156677
SB67836_component_1375a,32.539534,18.948976,2.990000009536743,15.904255867004395,32.53969955444336,18.949018478393555,3.61710786819458,1.0501285791397095,0.826627254486084
SB67836_component_1376a,33.61919,17.84946,2.8929998874664307,10.958333015441895,33.61941909790039,17.849672317504883,3.5904972553253174,1.023591160774231,0.8057379722595215
SB67836_component_1379a,33.163929,17.005788,2.9089999198913574,12.647825241088867,33.16402816772461,17.005949020385742,3.979724884033203,0.9285886883735657,0.7309550046920776
SB67836_component_1380a,30.196599,20.334899,2.872999906539917,15.529728889465332,30.196456909179688,20.33506965637207,3.343158006668091,1.0917203426361084,0.8593670725822449
SB67836_component_1381a,32.368487,19.776208,3.2019999027252197,18.508670806884766,32.36847686767578,19.77651596069336,4.255289554595947,0.9559274315834045,0.7524752020835876
SB67836_component_1382a,32.449069,19.689327,3.196000099182129,17.090909957885742,32.44925308227539,19.689632415771484,4.061784744262695,0.999591588973999,0.7868462800979614
SB67836_component_1386a,32.055929,19.422109,3.0420000553131104,16.267379760742188,32.05582046508789,19.421833038330078,3.6705682277679443,1.0528309345245361,0.8287545442581177
SB67836_component_1394a,31.403612,20.197495,2.6050000190734863,13.63874340057373,31.40369415283203,20.1975154876709,2.740342617034912,1.207634687423706,0.9506110548973083
SB67836_component_1395a,32.327647,18.910709,3.068000078201294,14.821256637573242,32.32774353027344,18.910768508911133,3.284343719482422,1.1866960525512695,0.9341288208961487
SB67836_component_1398a,33.597227,19.198478,3.2049999237060547,15.408653259277344,33.597652435302734,19.19852066040039,3.881687879562378,1.0489146709442139,0.8256717324256897
SB67836_component_1406a,28.002347,16.675168,2.625999927520752,10.941666603088379,28.00225257873535,16.67530632019043,2.9743616580963135,1.1215888261795044,0.8828784823417664
SB67836_component_1413a,31.455009,17.614274,2.8469998836517334,15.64285659790039,31.454931259155273,17.61404800415039,3.846950054168701,0.9401640295982361,0.7400667667388916
SB67836_component_1416a,31.197488,16.907692,2.6080000400543213,13.87234115600586,31.19743537902832,16.907915115356445,4.714193820953369,0.7028018236160278,0.5532228946685791
SB67836_component_1425a,31.141954,19.691272,2.7669999599456787,14.486910820007324,31.141889572143555,19.69135856628418,3.8640832901000977,0.9096940755844116,0.7160818576812744
SB67836_component_1428a,31.212457,16.821871,2.874000072479248,14.96875,31.212400436401367,16.821847915649414,3.9737555980682373,0.9187943935394287,0.7232453227043152
SB67836_component_1430a,32.320038,20.000708,3.0250000953674316,16.005290985107422,32.3197135925293,20.001020431518555,3.325749397277832,1.15549635887146,0.9095694422721863
SB67836_component_1432a,33.695459,18.711533,2.742000102996826,12.079296112060547,33.69519805908203,18.711872100830078,3.633622646331787,0.9586506485939026,0.7546188235282898
SB67836_component_1435a,29.356,20.785236,2.7170000076293945,12.350000381469727,29.35611343383789,20.785526275634766,2.0480735301971436,1.6852984428405762,1.3266124725341797
SB67836_component_1436a,29.294708,18.468109,2.9210000038146973,15.789189338684082,29.294710159301758,18.46833038330078,1.9997835159301758,1.8555867671966553,1.460658073425293
SB67836_component_1444a,30.979673,19.972412,2.805999994277954,12.639639854431152,30.979530334472656,19.972822189331055,3.8184919357299805,0.9335305094718933,0.7348451018333435
SB67836_component_1446a,29.160322,19.708315,2.9089999198913574,16.342695236206055,29.160343170166016,19.708580017089844,3.5394480228424072,1.0440970659255981,0.8218795657157898
SB67836_component_1449a,28.765051,18.449309,2.318000078201294,11.36274528503418,28.765289306640625,18.44951057434082,3.386802911758423,0.8694732785224915,0.6844213008880615
SB67836_component_1450a,29.155532,19.923797,2.444000005722046,13.282608985900879,29.15530776977539,19.924100875854492,3.351529598236084,0.9263835549354553,0.7292192578315735
SB67836_component_1451a,31.567002,18.751235,2.953000068664551,15.62433910369873,31.566722869873047,18.75150489807129,3.882535934448242,0.9662303924560547,0.760585367679596
SB67836_component_1457a,32.412199,19.391912,2.556999921798706,12.84924602508545,32.41237258911133,19.39205551147461,3.0157182216644287,1.077141284942627,0.8478908538818359
SB67836_component_1462a,31.023086,20.503657,2.624000072479248,14.577777862548828,31.023420333862305,20.503576278686523,2.988616704940796,1.1153889894485474,0.8779981732368469
SB67836_component_1463a,30.411334,19.385,2.8289999961853027,15.047872543334961,30.41139793395996,19.384992599487305,3.353816032409668,1.0715844631195068,0.8435167670249939
SB67836_component_1467a,30.553572,19.885544,2.7869999408721924,15.229508399963379,30.553606033325195,19.885597229003906,3.9737181663513184,0.8909896016120911,0.7013582587242126
SB67836_component_1468a,32.694537,19.64452,2.680999994277954,13.014562606811523,32.694671630859375,19.64455223083496,3.08569598197937,1.1037644147872925,0.8688477277755737
SB67836_component_1469a,31.672501,17.584126,2.7160000801086426,15.258427619934082,31.672561645507812,17.58460807800293,2.0443177223205566,1.6877732276916504,1.3285605907440186
SB67836_component_1470a,33.44447,18.020496,2.5510001182556152,11.043290138244629,33.4443244934082,18.020984649658203,2.8019683361053467,1.1565914154052734,0.910431444644928
SB67836_component_1472a,32.68771,20.425656,2.433000087738037,11.641148567199707,32.687721252441406,20.42582893371582,3.0256927013397217,1.0215274095535278,0.8041133880615234
SB67836_component_1475a,30.966896,20.301971,2.859999895095825,17.439023971557617,30.96685791015625,20.3022518157959,3.4229605197906494,1.0614433288574219,0.8355339765548706
SB67836_component_1478a,29.107078,17.064305,2.625999927520752,13.129999160766602,29.106966018676758,17.064441680908203,3.2041192054748535,1.0411630868911743,0.819570004940033
SB67836_component_1481a,28.727733,20.763837,2.558000087738037,12.298076629638672,28.728126525878906,20.7636661529541,2.378472328186035,1.3662657737731934,1.0754802227020264
SB67836_component_1482a,31.032971,18.222085,2.7039999961853027,15.106144905090332,31.032989501953125,18.22216033935547,3.285553455352783,1.0455163717269897,0.8229967951774597
SB67836_component_1483a,31.515929,19.267879,2.23799991607666,12.097296714782715,31.516016006469727,19.267934799194336,3.52455472946167,0.8066563010215759,0.6349738240242004
SB67836_component_1484a,30.212974,19.658764,2.8559999465942383,16.413793563842773,30.21316909790039,19.658700942993164,2.4703211784362793,1.468714952468872,1.1561249494552612
SB67836_component_1485a,28.856406,17.426622,2.559999942779541,13.989070892333984,28.85643768310547,17.4268741607666,4.249696731567383,0.7652700543403625,0.6023958921432495
SB67836_component_1487a,32.88543,20.31827,2.5420000553131104,12.22115421295166,32.88539123535156,20.31848907470703,3.1189370155334473,1.0353845357894897,0.815021276473999
SB67836_component_1488a,33.741009,19.441921,2.7290000915527344,10.618677139282227,33.74101257324219,19.442049026489258,5.143357753753662,0.6740460395812988,0.5305872559547424
SB67836_component_1490a,28.291579,19.939522,2.5179998874664307,12.34313678741455,28.291778564453125,19.939645767211914,3.3238070011138916,0.9623934030532837,0.7575650215148926
SB67836_component_1491a,29.39253,20.516686,2.5940001010894775,11.737557411193848,29.39261245727539,20.5167236328125,3.812288284301758,0.8644044399261475,0.6804312467575073
SB67836_component_1495a,31.324459,18.477808,2.7809998989105225,16.358821868896484,31.324655532836914,18.477779388427734,3.162717342376709,1.1170518398284912,0.8793071508407593
SB67836_component_1501a,32.52214,16.47861,2.6519999504089355,11.333333015441895,32.522090911865234,16.47873306274414,2.7928264141082764,1.2063193321228027,0.949575662612915
SB67836_component_1502a,32.070135,18.766306,2.2679998874664307,11.751294136047363,32.06985855102539,18.766645431518555,2.982935667037964,0.9658993482589722,0.7603247761726379
SB67836_component_1503a,29.944317,18.858474,2.2950000762939453,12.338709831237793,29.944976806640625,18.85869598388672,2.9834773540496826,0.9772207140922546,0.7692366242408752
SB67836_component_1504a,32.95546,17.687811,2.5910000801086426,12.39712905883789,32.95532989501953,17.688236236572266,2.7240872383117676,1.2083121538162231,0.9511443376541138
SB67836_component_1508a,32.843879,19.599946,2.5899999141693115,11.719456672668457,32.84383773803711,19.600250244140625,3.7522828578948975,0.8768733739852905,0.6902464628219604
SB67836_component_1517a,33.638238,18.423441,2.7290000915527344,10.298113822937012,33.638484954833984,18.423633575439453,3.450093984603882,1.004859447479248,0.7909929752349854
SB67836_component_1522a,30.120706,16.901607,2.752000093460083,13.96954345703125,30.12088394165039,16.901859283447266,3.9583215713500977,0.8832224011421204,0.6952441930770874
SB67836_component_1525a,30.684142,19.31444,2.6659998893737793,13.813470840454102,30.68433380126953,19.314268112182617,2.5343375205993652,1.336375117301941,1.0519514083862305
SB67836_component_1528a,31.026042,17.579504,2.444000005722046,12.34343433380127,31.026016235351562,17.579797744750977,3.8398282527923584,0.808578372001648,0.636486828327179
SB67836_component_1538a,31.660892,19.171001,2.305000066757202,12.59562873840332,31.66090202331543,19.170900344848633,2.7390456199645996,1.0690656900405884,0.8415340185165405
SB67836_component_1543a,28.935346,18.823406,2.4670000076293945,12.78238296508789,28.935264587402344,18.823455810546875,3.9427549839019775,0.7948809266090393,0.6257046461105347
SB67836_component_1546a,29.246155,20.392797,2.5840001106262207,10.85714340209961,29.24629020690918,20.392786026000977,2.594862699508667,1.265059232711792,0.99581378698349
SB67836_component_1549a,29.530593,19.584628,2.5320000648498535,13.1875,29.530561447143555,19.584774017333984,3.512753486633301,0.9156906008720398,0.7208020687103271
SB67836_component_1550a,29.831657,17.783286,2.6730000972747803,13.707693099975586,29.83196258544922,17.783323287963867,2.3524351119995117,1.4434908628463745,1.136269450187683
SB67836_component_1551a,30.438899,19.012245,2.3919999599456787,12.329895973205566,30.439090728759766,19.012069702148438,3.536249876022339,0.859312117099762,0.6764227747917175
SB67836_component_1556a,32.665859,18.600333,2.5420000553131104,13.170984268188477,32.665618896484375,18.6007137298584,2.785783529281616,1.159206748008728,0.9124901294708252
SB67836_component_1562a,28.64614,18.001211,2.4070000648498535,11.85714340209961,28.645977020263672,18.001277923583984,3.714740753173828,0.8231525421142578,0.6479591131210327
SB67836_component_1565a,30.860551,19.353984,2.187999963760376,10.72549057006836,30.860816955566406,19.35392951965332,3.0099942684173584,0.9234520196914673,0.7269116640090942
SB67836_component_1577a,32.971505,17.720059,2.2820000648498535,11.583756446838379,32.9714469909668,17.71996307373047,3.001359701156616,0.9658958315849304,0.760322093963623
SB67836_component_1578a,28.180233,19.493213,2.693000078201294,10.560785293579102,28.180620193481445,19.49325180053711,2.137401580810547,1.6006004810333252,1.2599411010742188
SB67836_component_1585a,29.767349,17.477307,2.4059998989105225,12.466320037841797,29.767208099365234,17.477869033813477,3.040156841278076,1.0053848028182983,0.791406512260437
SB67836_component_1587a,32.818162,19.485978,2.5380001068115234,11.91549301147461,32.8182487487793,19.48613739013672,3.8191099166870117,0.8442327380180359,0.6645528078079224
SB67836_component_1592a,32.305494,18.895385,2.1679999828338623,11.117949485778809,32.30557632446289,18.895353317260742,2.5791869163513184,1.0678473711013794,0.8405749797821045
SB67836_component_1594a,29.556984,19.803761,2.6110000610351562,14.751412391662598,29.55683708190918,19.804025650024414,3.4545059204101562,0.960182249546051,0.7558244466781616
SB67836_component_1604a,33.393682,18.171884,2.2130000591278076,10.19815731048584,33.393795013427734,18.172183990478516,2.891714572906494,0.9722069501876831,0.7652899622917175
SB67836_component_1607a,30.835793,17.902215,2.122999906539917,12.131428718566895,30.835987091064453,17.90148162841797,1.940938949584961,1.3895392417907715,1.09380042552948
SB67836_component_1608a,29.927357,18.00262,2.4579999446868896,13.358695030212402,29.92759132385254,18.00271224975586,3.8187451362609863,0.8176998496055603,0.6436669230461121
SB67836_component_1614a,30.249728,19.532158,2.2660000324249268,11.926316261291504,30.249677658081055,19.532243728637695,2.5635242462158203,1.122936487197876,0.8839393854141235
SB67836_component_1622a,32.266912,16.812614,2.369999885559082,12.279791831970215,32.26716232299805,16.812715530395508,3.1960532665252686,0.9420349597930908,0.7415395379066467
SB67836_component_1623a,28.897282,17.20033,2.486999988555908,12.560606002807617,28.897171020507812,17.20050621032715,2.1776766777038574,1.4508252143859863,1.1420427560806274
SB67836_component_1627a,31.586013,16.710506,2.180000066757202,10.845770835876465,31.586149215698242,16.710439682006836,2.09035587310791,1.3248569965362549,1.0428847074508667
SB67836_component_1629a,29.671761,19.198046,2.0829999446868896,10.848958015441895,29.67180061340332,19.19783592224121,2.8608250617980957,0.9249764680862427,0.7281116247177124
SB67836_component_1633a,32.770917,19.989067,2.4600000381469727,12.680412292480469,32.770965576171875,19.989347457885742,2.8597147464752197,1.092811107635498,0.8602256774902344
SB67836_component_1638a,30.192389,19.533856,2.2330000400543213,11.335025787353516,30.192472457885742,19.53363609313965,3.1427743434906006,0.9026268720626831,0.7105187177658081
SB67836_component_1640a,29.419059,17.916473,2.434999942779541,12.297979354858398,29.419065475463867,17.91667938232422,2.65468430519104,1.1652491092681885,0.9172465205192566
SB67836_component_1645a,28.516595,18.675054,2.188999891281128,10.181394577026367,28.516483306884766,18.67550277709961,2.825122594833374,0.9843310117721558,0.774833619594574
SB67836_component_1648a,29.948226,16.551235,2.5269999504089355,11.132158279418945,29.948165893554688,16.551450729370117,3.2960095405578613,0.9739787578582764,0.7666846513748169
SB67836_component_1649a,32.825859,20.688284,2.2869999408721924,11.78865909576416,32.82588195800781,20.688594818115234,2.405266046524048,1.2079132795333862,0.950830340385437
SB67836_component_1652a,30.57975,17.152544,2.50600004196167,13.401069641113281,30.57988739013672,17.152746200561523,3.7407140731811523,0.8510582447052002,0.6699255704879761
SB67836_component_1655a,28.465304,17.319843,2.4579999446868896,10.199170112609863,28.465179443359375,17.320022583007812,2.7607431411743164,1.1310676336288452,0.8903399705886841
SB67836_component_1656a,33.209304,19.497727,2.3350000381469727,11.733668327331543,33.20944595336914,19.497926712036133,3.13352632522583,0.946643054485321,0.7451668977737427
SB67836_component_1658a,31.330995,18.134593,2.1640000343322754,11.955801963806152,31.3311710357666,18.134960174560547,2.549748659133911,1.0781832933425903,0.8487111330032349
SB67836_component_1663a,32.305427,19.46655,2.0409998893737793,10.256280899047852,32.305763244628906,19.466533660888672,3.257578134536743,0.7959409356117249,0.6265390515327454
SB67836_component_1667a,31.013033,20.358876,2.3380000591278076,13.061452865600586,31.01276969909668,20.359045028686523,3.0550456047058105,0.9722087979316711,0.7652913928031921
SB67836_component_1668a,32.207993,20.227944,2.490999937057495,12.644669532775879,32.208011627197266,20.228118896484375,4.2353644371032715,0.7471635341644287,0.588142991065979
SB67836_component_1671a,32.055617,18.813344,2.0759999752044678,10.226601600646973,32.05573272705078,18.813556671142578,2.8306753635406494,0.9316868782043457,0.7333938479423523
SB67836_component_1676a,30.157254,17.117808,2.2330000400543213,10.337963104248047,30.157466888427734,17.117843627929688,3.0142745971679688,0.9411061406135559,0.7408084273338318
SB67836_component_1692a,29.005187,18.111279,2.0929999351501465,11.5,29.005054473876953,18.111835479736328,2.8617169857025146,0.9291273951530457,0.7313790917396545
SB67836_component_1694a,31.778322,18.182627,2.053999900817871,11.872832298278809,31.778295516967773,18.18283462524414,3.400254011154175,0.7673999667167664,0.6040725111961365
SB67836_component_1703a,32.756338,20.015109,1.968999981880188,10.202072143554688,32.75588607788086,20.015432357788086,2.508793354034424,0.9970422387123108,0.7848394513130188
SB67836_component_1719a,32.837625,20.087507,2.069000005722046,10.556122779846191,32.837379455566406,20.087656021118164,2.4893758296966553,1.0558512210845947,0.8311320543289185
SB67836_component_1725a,30.671503,16.717017,2.2070000171661377,11.203045845031738,30.671255111694336,16.716922760009766,2.0048606395721436,1.3984626531600952,1.1008245944976807
SB67836_component_1741a,30.091167,20.436907,1.9240000247955322,10.51366138458252,30.091400146484375,20.43737030029297,1.4564627408981323,1.6781795024871826,1.3210088014602661
SB67836_component_1743a,33.061862,18.191948,2.0309998989105225,10.469071388244629,33.061561584472656,18.19159507751465,2.436962604522705,1.0587507486343384,0.8334144949913025
SB67836_component_1750a,28.568195,18.078267,1.9700000286102295,10.15463924407959,28.568269729614258,18.078678131103516,2.1255970001220703,1.1773837804794312,0.9267984628677368
SB67836_component_1752a,32.195681,17.654609,2.069000005722046,10.947090148925781,32.195594787597656,17.65437126159668,1.6970151662826538,1.548843264579773,1.2191994190216064
SB67836_component_1753a,31.343643,19.858296,2.0910000801086426,11.12234115600586,31.343626022338867,19.85848045349121,2.798117160797119,0.9493379592895508,0.7472882270812988
SB67836_component_1760a,30.629672,20.052357,2.177999973297119,10.835820198059082,30.629745483398438,20.05274772644043,2.35219669342041,1.1762969493865967,0.9259429574012756
SB67836_component_1762a,30.348458,17.079782,2.13100004196167,12.177143096923828,30.348432540893555,17.07967185974121,2.7111494541168213,0.9985337257385254,0.7860134840011597
SB67836_component_1768a,28.845613,20.569975,2.246999979019165,12.4143648147583,28.8456974029541,20.570085525512695,2.5030908584594727,1.1404051780700684,0.8976901173591614
SB67836_component_1775a,32.925066,17.885216,2.0480000972747803,10.291458129882812,32.92507553100586,17.88543701171875,3.116964340209961,0.834700882434845,0.6570495963096619
SB67836_component_1793a,29.715493,19.835916,1.9739999771118164,10.335078239440918,29.71546173095703,19.835838317871094,2.7375612258911133,0.9160433411598206,0.7210797667503357
SB67836_component_1799a,31.116516,17.073951,2.0490000247955322,11.196721076965332,31.11652183532715,17.074174880981445,2.1563024520874023,1.207160472869873,0.9502377510070801
SB67836_component_1804a,32.445966,18.528953,1.843000054359436,10.296089172363281,32.44608688354492,18.528987884521484,2.619901418685913,0.893661618232727,0.7034615874290466
SB67836_component_1806a,29.475076,17.615556,2.2219998836517334,11.394871711730957,29.475421905517578,17.615633010864258,2.287407159805298,1.2340514659881592,0.9714055061340332
SB67836_component_1819a,32.192969,17.488395,1.9259999990463257,10.699999809265137,32.19306182861328,17.48845863342285,2.478005886077881,0.9873853325843811,0.7772378921508789
SB67836_component_1823a,29.392084,19.772306,1.9889999628067017,10.14795970916748,29.391977310180664,19.772937774658203,3.5886385440826416,0.7041055560112,0.5542491674423218
SB67836_component_1832a,31.2975,18.120375,1.815999984741211,10.259886741638184,31.297510147094727,18.1203556060791,2.312385082244873,0.9976734519004822,0.7853363156318665
SB67836_component_1840a,32.811569,16.673066,2.0899999141693115,10.245098114013672,32.811248779296875,16.673194885253906,2.6808207035064697,0.9904013872146606,0.7796119451522827
SB67836_component_1845a,31.179971,18.267392,1.9620000123977661,11.147727012634277,31.18006134033203,18.267581939697266,2.633115768432617,0.9465896487236023,0.745124876499176
SB67836_component_1847a,28.795518,18.928313,2.1610000133514404,11.7445650100708,28.795413970947266,18.92873764038086,3.1003639698028564,0.8854719400405884,0.6970149278640747
SB67836_component_1851a,30.888976,17.671427,2.0309998989105225,10.689473152160645,30.888870239257812,17.671716690063477,2.111987590789795,1.2216625213623047,0.9616533517837524
SB67836_component_1856a,31.326603,20.110188,2.059000015258789,11.375691413879395,31.326839447021484,20.11011505126953,2.3057336807250977,1.134435772895813,0.8929912447929382
SB67836_component_1868a,31.711627,18.917449,1.906999945640564,10.420764923095703,31.71137809753418,18.917198181152344,2.1096441745758057,1.1483497619628906,0.9039438962936401
SB67836_component_1883a,30.374092,16.480014,2.0439999103546143,10.37563419342041,30.37415313720703,16.479839324951172,2.0007741451263428,1.297823190689087,1.0216045379638672
SB67836_component_1886a,31.087105,18.2962,1.875,11.094674110412598,31.08709716796875,18.296300888061523,2.8097634315490723,0.8477430939674377,0.6673159599304199
SB67836_component_1891a,29.43155,18.941202,1.9880000352859497,10.247422218322754,29.431480407714844,18.941160202026367,2.4068830013275146,1.0492866039276123,0.8259645700454712
SB67836_component_1898a,29.156287,19.405389,2.0,10.695186614990234,29.156476974487305,19.405452728271484,2.4041945934295654,1.0568007230758667,0.8318794369697571
SB67836_component_1916a,29.191972,19.649598,1.9220000505447388,10.115789413452148,29.19213104248047,19.649293899536133,1.8437665700912476,1.324281096458435,1.042431354522705
SB67836_component_1922a,30.738191,20.579469,1.8179999589920044,10.156424522399902,30.737985610961914,20.579830169677734,2.650789260864258,0.8712671995162964,0.6858334541320801
SB67836_component_1966a,31.070881,16.834237,1.8009999990463257,10.594117164611816,31.070938110351562,16.833757400512695,2.4280598163604736,0.9422953724861145,0.7417445182800293
SB67836_component_1989a,28.939648,19.139549,1.809999942779541,10.462428092956543,28.93968963623047,19.1396484375,2.698303699493408,0.8521586060523987,0.6707918047904968
SB67836_component_1999a,29.69749,18.709871,1.8619999885559082,10.460674285888672,29.697193145751953,18.709461212158203,2.8759026527404785,0.8225043416023254,0.6474488973617554
SB67836_component_2047a,30.355605,20.039614,1.7089999914169312,10.05294132232666,30.355562210083008,20.03972625732422,2.140835762023926,1.014124870300293,0.7982863783836365
