Component_ID,RA,DEC,ASKAP_flux,ASKAP_flux_SNR,RA_comp,DEC_comp,Comp_flux,Flux_Ratio_AlphaCorr,Flux_Ratio_NOAlphaCorr
SB68564_component_3a,210.830285,35.136303,548.4520263671875,430.158447265625,210.82991,35.13664,4033.1,0.7522338640329272,0.1359877083055683
SB68564_component_4a,215.626392,32.386171,433.0119934082031,1498.3114013671875,215.62637,32.38608,238.1,10.05990212995065,1.8186140000344524
SB68564_component_5a,212.225451,30.350983,346.2090148925781,1291.82470703125,212.22507,30.35075,989.0,1.9364010354142163,0.35005967127662097
SB68564_component_7a,216.433037,33.925718,309.5369873046875,1125.5889892578125,216.43282,33.92599,1632.7,1.0487195983888047,0.1895859541279399
SB68564_component_9a,217.271536,34.444232,265.6449890136719,1066.847412109375,217.27113,34.4447,1433.6,1.0250070707371852,0.1852992389883314
SB68564_component_10a,213.103877,32.015191,248.8070068359375,1019.7008666992188,213.10423,32.01518,234.6,5.866618189777185,1.0605584264106458
SB68564_component_11a,210.649036,34.472156,246.76699829101562,320.0609436035156,210.64877,34.47265,1070.6,1.275008455255979,0.23049411385299426
SB68564_component_13a,217.416469,30.353099,219.83999633789062,306.183837890625,217.41667,30.35325,780.1,1.5588691261476402,0.28181001966144165
SB68564_component_15a,211.00961,32.347834,206.54600524902344,871.5021362304688,211.00987,32.34758,142.5,8.017798933782542,1.44944565087034
SB68564_component_18a,215.388433,34.271227,198.468994140625,837.421875,215.38821,34.27133,867.7,1.265249856615521,0.22872996904532095
SB68564_component_19a,211.248446,30.789852,181.35800170898438,795.4298095703125,211.24837,30.78969,1798.1,0.5579253652364975,0.10086090968743917
SB68564_component_20a,212.401998,31.464484,179.61199951171875,761.0678100585938,212.40215,31.46466,603.9,1.6452183454593976,0.29742010185745776
SB68564_component_22a,211.724434,34.560138,176.03900146484375,846.34130859375,211.72455,34.5606,156.6,6.218281296185705,1.1241315546924888
SB68564_component_23a,217.809562,32.540357,186.47300720214844,323.7378845214844,217.80943,32.54057,614.8,1.6777812682673086,0.30330677814272683
SB68564_component_26a,215.01037,35.14229,156.31199645996094,407.0625,215.0101,35.14251,382.0,2.263508724060153,0.409193708010369
SB68564_component_27a,212.988203,33.954093,161.12399291992188,848.02099609375,212.98833,33.95443,728.4,1.2236113712753083,0.22120262619429143
SB68564_component_30a,217.918975,31.89274,141.89100646972656,140.48614501953125,217.91913,31.89268,623.1,1.2596513127048787,0.22771787268452345
SB68564_component_32a,214.440404,33.65226,137.3679962158203,605.1453857421875,214.44057,33.65222,142.8,5.321212239803136,0.9619607578138677
SB68564_component_33a,218.268569,31.33421,143.16700744628906,133.5513153076172,218.26897,31.33397,526.4,1.5044587763877673,0.2719737983402148
SB68564_component_42a,210.348793,32.699921,106.91300201416016,107.99292755126953,210.34874,32.69984,806.9,0.7329325921393696,0.13249845335749183
SB68564_component_43a,211.327395,34.314812,105.02899932861328,365.9547119140625,211.328,34.31521,83.0,6.999779522502287,1.2654096304652203
SB68564_component_45a,211.187612,35.001184,104.63200378417969,232.51556396484375,211.18744,35.00163,70.3,8.233082039645879,1.4883642074563257
SB68564_component_47a,218.023514,30.812039,111.3290023803711,110.7751235961914,218.02393,30.81192,597.0,1.0315427042802605,0.1864807410056467
SB68564_component_49a,214.524596,32.444784,96.43699645996094,475.0591125488281,214.52515,32.44482,461.1,1.1569158714972019,0.20914551390145508
SB68564_component_50a,216.905902,32.056413,93.03800201416016,392.5653991699219,216.90622,32.0567,72.5,7.098647231359717,1.283282786402209
SB68564_component_51a,211.099394,30.17634,89.9489974975586,282.8584899902344,211.09949,30.17626,56.6,8.790895586495594,1.5892049027837207
SB68564_component_53a,213.70779,34.261858,86.94499969482422,424.1219482421875,213.7076,34.26213,364.2,1.3205592584214205,0.23872871964531636
SB68564_component_58a,216.190766,34.304074,84.30899810791016,470.9999694824219,216.19049,34.30437,365.1,1.277365908039399,0.23092029062697933
SB68564_component_59a,211.025389,31.087088,88.73300170898438,289.0325622558594,211.02538,31.08701,235.3,2.086010411507585,0.37710582961744316
SB68564_component_61a,217.367634,30.858796,83.72100067138672,216.33334350585938,217.3679,30.85889,389.8,1.1880803181104636,0.21477937576035586
SB68564_component_65a,216.634278,35.137116,87.37699890136719,184.33966064453125,216.63348,35.13708,563.7,0.8574371868914243,0.15500620702743867
SB68564_component_68a,210.66226,33.188633,76.97899627685547,146.347900390625,210.662,33.18904,267.8,1.5900650688885472,0.28744957534300025
SB68564_component_70a,213.730113,30.16554,76.34700012207031,252.8046417236328,213.73035,30.16575,214.8,1.9661240956024946,0.35543296146215225
SB68564_component_71a,213.204949,31.490661,74.31700134277344,355.583740234375,213.20528,31.4906,644.9,0.6374542579370482,0.11523802348080855
SB68564_component_75a,210.860492,30.385997,68.41699981689453,220.6999969482422,210.86064,30.38586,141.8,2.6689535812243945,0.48248942042943954
SB68564_component_77a,212.720568,33.683119,66.9990005493164,352.6263122558594,212.72083,33.68337,145.2,2.5524364234298185,0.46142562361788164
SB68564_component_79a,217.52023,31.326441,69.4520034790039,265.083984375,217.52049,31.32656,332.5,1.1554372224759601,0.20887820595189144
SB68564_component_81a,215.659666,31.495697,62.625,305.48779296875,215.66017,31.49577,132.5,2.6144785684965206,0.47264150943396227
SB68564_component_82a,211.433746,29.816987,70.53299713134766,97.82662200927734,211.43367,29.81673,273.0,1.4291667941336312,0.2583626268547533
SB68564_component_83a,216.319029,34.879415,63.68199920654297,212.9832763671875,216.3185,34.87965,161.9,2.175820507866172,0.39334156396876446
SB68564_component_85a,215.527814,33.739842,59.71900177001953,311.0364685058594,215.52763,33.74006,425.9,0.7756362985477984,0.14021836527358425
SB68564_component_87a,212.569079,34.643876,62.98099899291992,347.9613342285156,212.56871,34.64427,439.8,0.7921502171412496,0.1432037266778534
SB68564_component_91a,214.04946,30.976012,61.73500061035156,344.8882751464844,214.04976,30.97606,391.6,0.8720512304461394,0.15764811187525934
SB68564_component_92a,210.721723,30.282419,57.672000885009766,156.29269409179688,210.72166,30.28221,161.5,1.9753575565295494,0.3571021726625992
SB68564_component_94a,214.463431,31.236474,56.78799819946289,302.0638427734375,214.46387,31.23651,159.8,1.9657713920685989,0.35536920024695173
SB68564_component_95a,211.032977,30.391793,55.641998291015625,215.6666717529297,211.03305,30.39162,168.6,1.8255695105943655,0.3300237146560832
SB68564_component_99a,212.89232,29.820642,50.79800033569336,108.54273986816406,212.89267,29.8209,104.8,2.6812577172402965,0.4847137436611962
SB68564_component_101a,215.875064,30.21976,53.92499923706055,159.07080078125,215.87505,30.21994,301.8,0.9883804299960396,0.17867792987760286
SB68564_component_102a,213.493718,34.112278,49.03900146484375,267.9726867675781,213.49413,34.11266,44.6,6.0821900347878985,1.099529180826093
SB68564_component_104a,213.793973,29.950632,48.32500076293945,94.9410629272461,213.79433,29.95091,187.4,1.4264465684034302,0.25787086853222757
SB68564_component_105a,213.993494,34.8968,50.41600036621094,150.04762268066406,213.99358,34.89702,186.3,1.4969550498013904,0.2706172859163228
SB68564_component_108a,210.460104,33.664664,45.49300003051758,125.67127227783203,210.46066,33.66484,51.6,4.876947732913388,0.8816472874131314
SB68564_component_111a,212.839346,31.42047,45.327999114990234,242.3957061767578,212.83949,31.42043,170.2,1.473194940006116,0.2663219689482388
SB68564_component_114a,212.598545,30.577105,43.26499938964844,235.1358642578125,212.59839,30.57714,73.9,3.2385118393920127,0.5854533070317786
SB68564_component_115a,215.282866,30.092329,43.50299835205078,119.84297180175781,215.28275,30.09188,37.8,6.366204958769383,1.150872972276476
SB68564_component_119a,211.915376,29.821513,41.737998962402344,51.46485900878906,211.91519,29.82131,43.3,5.332083638998162,0.9639260730346962
SB68564_component_121a,215.260765,32.912694,41.47200012207031,220.5957489013672,215.26074,32.91297,22.3,10.287345921837776,1.8597309471780408
SB68564_component_128a,214.734719,34.716983,40.67900085449219,197.4708709716797,214.73436,34.71703,112.7,1.99663917023516,0.3609494308295669
SB68564_component_129a,215.599832,34.261653,41.439998626708984,225.21737670898438,215.59955,34.26178,147.5,1.5541070751424506,0.2809491432319253
SB68564_component_130a,210.871203,32.928879,45.83300018310547,108.0967025756836,210.87141,32.92897,143.0,1.7729458636732682,0.32051049079094734
SB68564_component_131a,214.869945,31.751807,41.02199935913086,233.0795440673828,214.87088,31.75153,42.4,5.351853201662956,0.9674999848851618
SB68564_component_132a,210.640073,31.566632,40.44499969482422,65.76422882080078,210.64027,31.56637,176.5,1.2675740869452508,0.22915013991401822
SB68564_component_133a,213.322819,30.358132,43.84299850463867,203.92091369628906,213.32294,30.35824,164.0,1.4788006276123726,0.26733535673560166
SB68564_component_137a,210.837203,30.744423,39.38199996948242,155.0472412109375,210.8371,30.7445,88.4,2.464329228399016,0.44549773721133956
SB68564_component_138a,214.597705,31.835149,37.7130012512207,206.08197021484375,214.59824,31.83473,40.6,5.138286163461203,0.9288916564340074
SB68564_component_139a,214.598863,31.559067,38.10599899291992,215.2881317138672,214.59933,31.55899,182.2,1.1569063493214176,0.20914379249681628
SB68564_component_140a,216.054454,30.109456,36.112998962402344,96.30133056640625,216.05424,30.10978,109.0,1.8326953714812266,0.33131191708626
SB68564_component_143a,218.22463,32.72187,38.43600082397461,44.693023681640625,218.22464,32.72199,172.9,1.2296922227006484,0.2223019133833118
SB68564_component_145a,211.591362,31.5372,35.42499923706055,176.2437744140625,211.59129,31.53716,258.1,0.7592329898278485,0.13725299975614313
SB68564_component_148a,215.466472,29.978804,32.40399932861328,74.32109832763672,215.46606,29.97903,24.3,7.376418807235667,1.3334979147577481
SB68564_component_152a,217.791374,33.883437,33.95600128173828,54.591644287109375,217.79134,33.88358,99.7,1.8839727141568787,0.34058175809165775
SB68564_component_157a,216.771342,34.607518,31.309999465942383,137.32455444335938,216.77094,34.60809,229.9,0.7533509053085173,0.1361896453499016
SB68564_component_162a,217.273829,34.819001,33.97200012207031,144.56170654296875,217.27353,34.8195,150.4,1.2494719367515084,0.2258776603861058
SB68564_component_163a,211.616535,29.995659,31.815000534057617,61.30057907104492,211.61659,29.9953,138.9,1.2670183790256628,0.22904967987082517
SB68564_component_165a,211.515693,34.241897,35.231998443603516,169.3845977783203,211.51588,34.24287,107.2,1.8180077000378052,0.32865670189928653
SB68564_component_170a,215.114108,34.142347,28.908000946044922,159.7127227783203,215.11383,34.14224,80.7,1.9815167649187941,0.358215625105885
SB68564_component_171a,213.034094,32.67064,29.541000366210938,170.75723266601562,213.03447,32.67087,121.8,1.3416249781286484,0.24253694881946583
SB68564_component_177a,216.804696,30.68683,32.62699890136719,140.6336212158203,216.80511,30.68653,43.0,4.197221591463728,0.7587674163108649
SB68564_component_180a,212.578042,34.709743,27.836000442504883,139.87939453125,212.57774,34.71015,111.1,1.385945016986082,0.2505490588884328
SB68564_component_183a,211.325216,30.011769,27.604999542236328,68.4987564086914,211.32521,30.01159,105.3,1.4501489038584774,0.2621557411418455
SB68564_component_184a,217.537315,34.786651,28.187000274658203,110.9724349975586,217.53699,34.78708,127.1,1.2267513221550195,0.22177026179904175
SB68564_component_187a,211.554944,31.174702,26.884000778198242,133.089111328125,211.55495,31.17461,84.4,1.7619950265877173,0.3185308149075621
SB68564_component_190a,217.336791,31.903293,27.128000259399414,90.42666625976562,217.33673,31.90322,61.3,2.4479950311914473,0.4425448655693216
SB68564_component_194a,212.223129,35.420218,27.527000427246094,11.309367179870605,212.22275,35.42095,136.7,1.1138933228254722,0.2013679621598105
SB68564_component_195a,217.731854,31.437054,27.06800079345703,78.23121643066406,217.73206,31.43699,111.7,1.3404673275567511,0.24232767048752937
SB68564_component_196a,216.532279,34.073785,26.195999145507812,111.94871520996094,216.53195,34.0739,36.4,3.9809507933068122,0.7196703061952696
SB68564_component_197a,211.012665,34.138929,25.586999893188477,99.56031036376953,211.0127,34.1394,153.6,0.9214703746677984,0.1665820305546125
SB68564_component_198a,211.86638,31.236172,25.579999923706055,123.57487487792969,211.86659,31.23595,58.3,2.4270862486906957,0.43876500726768536
SB68564_component_201a,214.927965,33.892226,28.329999923706055,149.1052703857422,214.9277,33.89279,28.8,5.441358138223539,0.9836805529064602
SB68564_component_207a,212.954003,31.784935,26.17300033569336,136.3177032470703,212.95403,31.78508,159.1,0.9099898676308964,0.1645066017328307
SB68564_component_210a,213.64422,33.450075,25.413000106811523,144.3920440673828,213.64436,33.45033,114.2,1.2309575033625575,0.2225306489212918
SB68564_component_212a,213.473005,33.598453,24.731000900268555,141.32000732421875,213.47276,33.59897,42.9,3.1888759609495936,0.5764802074654675
SB68564_component_214a,214.826675,32.555941,23.952999114990234,127.40957641601562,214.82697,32.5557,45.7,2.899325157457495,0.5241356480304209
SB68564_component_217a,210.653612,31.71719,24.645999908447266,59.53139877319336,210.65329,31.71695,76.6,1.7797987542771052,0.32174934606328026
SB68564_component_220a,215.927615,34.329909,24.533000946044922,131.19252014160156,215.92763,34.33019,143.4,0.9463564573224497,0.17108089920533417
SB68564_component_222a,213.290852,33.392286,26.934999465942383,153.03976440429688,213.29144,33.39239,80.9,1.8417118193018631,0.3329418969832186
SB68564_component_223a,217.027899,32.99314,24.509000778198242,123.16080474853516,217.02753,32.99352,85.0,1.59499712823895,0.2883411856258617
SB68564_component_225a,210.272985,30.338509,22.388999938964844,30.01206398010254,210.27316,30.33841,116.6,1.0621586011702686,0.19201543686933828
SB68564_component_226a,214.829413,30.090874,23.131999969482422,60.23958206176758,214.82996,30.09111,84.9,1.5071577753015617,0.272461719310747
SB68564_component_227a,210.692963,34.447383,24.26799964904785,38.76677322387695,210.69273,34.44785,284.1,0.4725154048234379,0.08542062530463868
SB68564_component_230a,216.04941,30.041224,21.34600067138672,45.513858795166016,216.04958,30.04126,58.9,2.004723353129398,0.36241087727311916
SB68564_component_231a,216.057902,33.657729,23.93899917602539,132.9944305419922,216.05786,33.65809,112.4,1.1781291565408811,0.21298041971552836
SB68564_component_233a,213.695987,30.182381,23.319000244140625,75.46602630615234,213.6962,30.18262,94.3,1.367890898154805,0.24728526239809784
SB68564_component_238a,214.535168,31.659794,21.051000595092773,100.72248840332031,214.53532,31.66104,26.5,4.394202786529147,0.7943773809468971
SB68564_component_243a,214.531769,35.305248,21.134000778198242,34.364227294921875,214.53169,35.30561,130.6,0.8951416558500057,0.16182236430473387
SB68564_component_247a,213.513213,35.386073,20.090999603271484,25.463878631591797,213.51299,35.38648,74.1,1.4998110972487124,0.2711335978849053
SB68564_component_248a,217.633909,31.299778,20.575000762939453,66.3709716796875,217.63443,31.29957,22.9,4.970013898316472,0.8984716490366574
SB68564_component_250a,217.317789,30.058226,19.541000366210938,28.361392974853516,217.31812,30.05852,92.1,1.173654824212761,0.2121715566363837
SB68564_component_251a,213.569833,33.026616,19.968000411987305,114.75862884521484,213.57001,33.02677,110.9,0.9959929317351364,0.18005410651025522
SB68564_component_253a,215.626296,29.873416,18.9060001373291,33.46194839477539,215.62666,29.87326,47.8,2.187887493028235,0.39552301542529505
SB68564_component_254a,213.75828,31.462602,18.983999252319336,98.87499237060547,213.7589,31.46248,64.3,1.633164611396661,0.2952410459147642
SB68564_component_257a,215.70003,34.031962,21.195999145507812,114.57296752929688,215.69998,34.03213,186.3,0.6293529380747768,0.11377347904190989
SB68564_component_260a,213.133638,31.482589,18.41200065612793,101.72376251220703,213.13338,31.4828,40.3,2.5272555626070825,0.45687346541260376
SB68564_component_262a,216.756854,33.090137,19.57699966430664,97.88499450683594,216.7567,33.09022,53.4,2.0279540103785276,0.3666104806049933
SB68564_component_263a,215.129265,35.043989,19.243000030517578,65.0101318359375,215.12869,35.04378,50.2,2.120421938742756,0.3833266938350115
SB68564_component_264a,217.677544,32.170339,19.40399932861328,27.60170555114746,217.67744,32.16998,58.7,1.8285480422816078,0.3305621691416232
SB68564_component_266a,214.532452,33.821496,18.39900016784668,94.84020233154297,214.53229,33.82147,57.3,1.7762039313287903,0.32109947936905203
SB68564_component_269a,212.858299,33.046601,18.490999221801758,99.95134735107422,212.8588,33.04692,113.0,0.9051804434673262,0.1636371612548828
SB68564_component_270a,214.111407,32.529801,19.163999557495117,106.46665954589844,214.11171,32.52969,77.4,1.3696147265554848,0.24759689350768885
SB68564_component_277a,214.92945,31.007637,19.694000244140625,100.994873046875,214.92928,31.00736,48.4,2.2508253765298813,0.4069008314905088
SB68564_component_281a,212.551402,33.357466,17.920000076293945,91.42857360839844,212.55182,33.3581,27.3,3.6310195371705034,0.6564102592049064
SB68564_component_283a,218.243814,34.348512,18.040000915527344,24.02130699157715,218.24387,34.34863,90.2,1.1063263166673767,0.20000001014997054
SB68564_component_285a,217.808948,34.604107,17.43199920654297,56.5974006652832,217.80852,34.60403,56.7,1.7006594793287586,0.30744266678206295
SB68564_component_289a,211.381312,33.829843,17.016000747680664,88.16580200195312,211.38094,33.8304,25.1,3.7500494972534435,0.6779283166406639
SB68564_component_290a,217.278319,33.805354,17.961999893188477,65.79486846923828,217.2774,33.8057,67.8,1.4654743490647835,0.26492625211192444
SB68564_component_291a,216.983153,33.360985,17.22599983215332,81.63980865478516,216.98315,33.36161,59.2,1.6095925657136705,0.29097972689448176
SB68564_component_292a,214.599165,30.738859,17.343000411987305,95.81768798828125,214.59908,30.73888,46.5,2.0631200851630576,0.37296775079542593
SB68564_component_295a,214.009224,31.468129,17.44499969482422,93.28876495361328,214.01006,31.4675,34.0,2.8382148937019513,0.5130882263183594
SB68564_component_297a,216.321887,34.26633,16.531999588012695,84.77948760986328,216.32182,34.26644,47.6,1.9211959331038617,0.3473109157145524
SB68564_component_299a,211.809105,31.317173,16.34000015258789,86.0,211.80943,31.31685,74.2,1.2181517025426551,0.22021563547962117
SB68564_component_300a,217.328747,32.112414,16.768999099731445,52.732704162597656,217.33012,32.11223,34.6,2.6809225529904603,0.48465315317142904
SB68564_component_301a,211.152181,30.844982,16.927000045776367,72.6480712890625,211.15222,30.84518,39.0,2.4008698285244514,0.43402564219939405
SB68564_component_302a,214.965053,30.891625,16.844999313354492,85.94387817382812,214.96532,30.89158,59.2,1.573991984698514,0.2845439073201772
SB68564_component_305a,213.672138,34.45519,16.917999267578125,85.44444274902344,213.67261,34.45495,51.7,1.810137994700665,0.32723402838642407
SB68564_component_307a,210.613018,30.442306,16.83300018310547,47.9572639465332,210.61301,30.44252,70.2,1.3264095545535963,0.2397863273946648
SB68564_component_311a,213.253753,34.220142,17.097999572753906,87.23469543457031,213.25415,34.21975,116.9,0.8090661218871994,0.14626175853510612
SB68564_component_312a,217.684817,32.597714,16.847999572753906,48.137142181396484,217.68483,32.59798,77.9,1.1963661337992524,0.2162772730777138
SB68564_component_313a,216.58402,30.24611,16.849000930786133,60.826717376708984,216.58379,30.2464,31.8,2.9308949989433315,0.5298427965656016
SB68564_component_319a,217.847255,33.27378,15.317000389099121,39.07398223876953,217.84674,33.27348,49.6,1.7082257825481968,0.30881049171570807
SB68564_component_323a,213.459472,30.102687,15.29699993133545,49.990196228027344,213.45972,30.1027,37.5,2.256463030830895,0.4079199981689453
SB68564_component_328a,214.165341,34.155728,15.32800006866455,82.85404968261719,214.16528,34.15603,76.7,1.1054608212019992,0.1998435471794596
SB68564_component_330a,217.493145,30.483162,16.6560001373291,24.45815086364746,217.49361,30.48306,113.0,0.8153526702290528,0.14739823130379737
SB68564_component_338a,215.901206,35.127431,14.663000106811523,43.0,215.90166,35.12754,52.8,1.536180120851788,0.27770833535627887
SB68564_component_339a,212.313524,31.680871,14.616999626159668,68.94811248779297,212.31323,31.68088,62.7,1.289567028425289,0.23312599084784158
SB68564_component_340a,215.338115,32.615118,15.20199966430664,80.86170196533203,215.33818,32.61546,61.3,1.3718084372806842,0.24799346923828125
SB68564_component_344a,216.834864,32.541813,14.631999969482422,69.3459701538086,216.83443,32.54233,22.0,3.679037684133619,0.6650909077037465
SB68564_component_347a,216.028204,32.581605,14.418000221252441,75.88421630859375,216.02802,32.58177,87.3,0.913574585852011,0.16515464170964997
SB68564_component_349a,217.734699,34.455879,14.70199966430664,51.950531005859375,217.73436,34.45664,38.1,2.134541773070925,0.38587925628101416
SB68564_component_351a,215.098445,33.227729,14.996000289916992,77.69947814941406,215.09848,33.2278,80.4,1.0317455798210773,0.18651741654125611
SB68564_component_353a,213.165572,32.732231,14.149999618530273,81.32183837890625,213.16599,32.73233,117.3,0.6672854290003833,0.12063085778798187
SB68564_component_356a,211.442922,32.295459,13.914999961853027,69.92462158203125,211.44308,32.29539,24.3,3.167598739290828,0.5726337432861328
SB68564_component_358a,215.121595,33.169252,13.831999778747559,77.7078628540039,215.12163,33.16873,29.7,2.5762128940666247,0.4657238982743286
SB68564_component_359a,212.511328,30.406272,13.628000259399414,64.28302001953125,212.51128,30.40624,44.3,1.7016946462039662,0.30762980269524637
SB68564_component_361a,212.110346,31.399822,14.769000053405762,72.39706420898438,212.11113,31.39976,47.9,1.705567077320038,0.30832985497715576
SB68564_component_363a,210.837961,33.309712,13.871000289916992,43.61949920654297,210.83789,33.31019,61.8,1.2415737767343251,0.22444984287891573
SB68564_component_364a,211.428837,30.330978,13.833999633789062,57.165287017822266,211.42905,30.33098,48.8,1.5681267502976848,0.2834835990530546
SB68564_component_366a,210.380749,30.149395,13.343999862670898,17.887399673461914,210.38107,30.14952,29.9,2.4686985733223854,0.4462876208251137
SB68564_component_371a,215.60076,30.700235,12.937999725341797,77.47305297851562,215.60123,30.70079,28.4,2.520008601191083,0.4555633706106267
SB68564_component_372a,212.454644,31.840427,13.243000030517578,70.06878662109375,212.45482,31.84057,46.4,1.5787800325267656,0.2854094834163271
SB68564_component_382a,217.577518,34.269508,12.906999588012695,52.46747589111328,217.57738,34.27005,47.9,1.4905378485134022,0.2694571939042316
SB68564_component_387a,215.537125,30.32567,12.395999908447266,54.84955978393555,215.53725,30.3256,75.4,0.9094177867464917,0.16440318180964542
SB68564_component_388a,210.827728,33.876873,12.298999786376953,54.66222381591797,210.82854,33.87626,36.2,1.879379342792392,0.33975137531428046
SB68564_component_393a,210.525726,32.744294,13.079000473022461,19.376296997070312,210.52547,32.74411,42.7,1.6943374338030013,0.3062997768857719
SB68564_component_396a,214.379032,31.179939,13.906000137329102,78.12359619140625,214.37946,31.17962,39.8,1.9327353179324773,0.3493969883751031
SB68564_component_397a,214.905245,31.642044,12.713000297546387,71.42134857177734,214.9054,31.64228,89.1,0.7892663344103805,0.14268238268851163
SB68564_component_409a,216.404166,31.788503,13.335000038146973,62.900943756103516,216.40407,31.78856,60.0,1.229405060521413,0.22225000063578287
SB68564_component_410a,213.377665,30.198502,13.614999771118164,51.37736129760742,213.37762,30.19827,51.8,1.4539219868515436,0.2628378334192696
SB68564_component_418a,214.648987,31.261912,11.887999534606934,72.93251037597656,214.64967,31.26164,19.1,3.4429335262311005,0.6224083525972216
SB68564_component_434a,215.281888,31.051157,11.357000350952148,59.15104293823242,215.28204,31.05124,154.2,0.40741075645298475,0.07365110474028631
SB68564_component_440a,218.164909,32.574106,11.25,11.11660099029541,218.1644,32.57388,80.7,0.7711381927426686,0.13940520446096655
SB68564_component_441a,216.918724,31.993564,12.944000244140625,57.528892517089844,216.91846,31.99377,46.5,1.539815847988091,0.2783655966481855
SB68564_component_447a,216.532417,30.891293,11.057999610900879,55.84848403930664,216.53256,30.89149,40.8,1.499234725291173,0.27102940222796273
SB68564_component_449a,216.413153,30.555085,11.697999954223633,54.4093017578125,216.4138,30.55495,37.1,1.7441785100992853,0.31530997181195775
SB68564_component_450a,213.614986,32.501327,11.831000328063965,65.72777557373047,213.61536,32.50091,101.0,0.6479676411472985,0.11713861710954421
SB68564_component_453a,211.027449,32.423603,10.77400016784668,48.97272872924805,211.0276,32.42324,33.5,1.7790387039629307,0.3216119453088561
SB68564_component_459a,210.169585,30.536015,9.675999641418457,11.070938110351562,210.17004,30.53637,24.8,2.158228326632597,0.39016127586364746
SB68564_component_460a,211.34806,30.057185,10.817000389099121,29.156335830688477,211.34744,30.05775,25.5,2.3464963903002833,0.4241960936901616
SB68564_component_461a,214.15476,30.330146,10.913000106811523,46.836910247802734,214.1552,30.3304,77.4,0.7799314340593878,0.1409948334213375
SB68564_component_462a,215.247944,30.681259,10.458000183105469,55.04210662841797,215.24809,30.68126,38.1,1.5183674849223157,0.2744881937822958
SB68564_component_468a,212.68692,32.147344,10.333000183105469,61.50595474243164,212.68736,32.14725,44.6,1.2815772928859708,0.23168161845527957
SB68564_component_473a,210.704596,33.28736,9.855999946594238,25.868764877319336,210.70399,33.28783,26.9,2.0267567963969384,0.3663940500592654
SB68564_component_474a,212.26326,34.394335,11.701000213623047,63.59239196777344,212.26244,34.39428,42.3,1.5301564788059865,0.27661939039297984
SB68564_component_482a,213.903915,34.078144,10.322999954223633,60.3684196472168,213.90424,34.07831,32.4,1.7624391877653798,0.3186111096982603
SB68564_component_483a,212.897427,34.56377,10.82800006866455,57.29100799560547,212.89703,34.56407,78.8,0.7601079203611677,0.13741116838406792
SB68564_component_490a,214.409983,33.959676,10.520999908447266,57.49180221557617,214.41003,33.95968,41.8,1.392303646609966,0.25169856240304467
SB68564_component_494a,214.256676,35.064593,10.303999900817871,31.60736083984375,214.25681,35.0645,47.8,1.1924252801972337,0.21556485148154544
SB68564_component_497a,216.076356,32.921993,10.133999824523926,53.619049072265625,216.07584,32.92199,21.0,2.6694071738073593,0.48257142021542504
SB68564_component_501a,217.982942,34.99035,10.696000099182129,20.569231033325195,217.98312,34.9907,50.5,1.1716104744817388,0.21180198216202237
SB68564_component_504a,217.851931,34.430262,10.310999870300293,29.629310607910156,217.85239,34.43055,25.5,2.2367313585778055,0.40435293609020756
SB68564_component_511a,216.386742,33.023665,9.651000022888184,51.33510971069336,216.38702,33.02335,19.0,2.8097775698985843,0.5079473696256939
SB68564_component_513a,212.875479,31.734189,11.057000160217285,53.41545867919922,212.8759,31.73387,36.8,1.662044788021551,0.3004619608754697
SB68564_component_514a,213.350389,33.884218,10.305000305175781,57.89326095581055,213.35043,33.88392,41.2,1.383579181104108,0.2501213666304801
SB68564_component_516a,214.841199,32.251816,10.253999710083008,54.54255294799805,214.84094,32.252,28.7,1.976353511262107,0.35728221986351943
SB68564_component_522a,214.459559,33.848027,9.482000350952148,51.814208984375,214.4593,33.84772,15.8,3.319679110927933,0.6001266044906423
SB68564_component_523a,214.774073,31.750348,10.902999877929688,59.25543212890625,214.77438,31.7503,58.8,1.025703663555793,0.1854251679920015
SB68564_component_524a,212.390649,30.992773,9.366999626159668,52.038883209228516,212.39078,30.99285,119.2,0.4346878216743013,0.07858221162885627
SB68564_component_525a,214.598046,34.152251,10.104000091552734,49.52941131591797,214.59779,34.15203,34.5,1.6200464692168475,0.29286956787109375
SB68564_component_530a,214.98598,31.827959,10.079000473022461,55.685089111328125,214.98619,31.82887,41.8,1.3338113520470318,0.24112441323020242
SB68564_component_543a,213.274596,35.08551,9.432999610900879,25.986225128173828,213.27403,35.08541,70.5,0.7401400840445789,0.13380141292057984
SB68564_component_548a,217.31951,32.289993,8.996000289916992,28.83333396911621,217.31937,32.29031,46.9,1.0610353262680206,0.19181237291933886
SB68564_component_562a,213.844318,31.582091,9.293999671936035,58.08749771118164,213.84453,31.5818,24.4,2.107007357037064,0.3809016258990179
SB68564_component_563a,215.224616,33.839566,8.541999816894531,50.544376373291016,215.22461,33.83922,31.0,1.5242320507742113,0.2755483811901462
SB68564_component_564a,218.030231,31.228264,8.333999633789062,13.798013687133789,218.0305,31.22862,28.0,1.646450473220938,0.2976428440638951
SB68564_component_569a,211.134125,34.160952,9.196999549865723,38.320831298828125,211.13345,34.16111,29.6,1.7187300878413339,0.31070944425222036
SB68564_component_574a,210.645384,32.865676,7.997000217437744,14.700366973876953,210.64534,32.86579,28.5,1.5521563764819961,0.2805964988574647
SB68564_component_575a,215.027229,34.446028,8.28499984741211,47.61494445800781,215.02643,34.44593,18.7,2.450778850162697,0.44304812018246575
SB68564_component_576a,213.262844,34.610183,8.58899974822998,43.16080093383789,213.26309,34.61042,30.9,1.5375786364205866,0.27796115690064666
SB68564_component_577a,211.057374,33.683697,8.765999794006348,46.1368408203125,211.05788,33.68326,30.4,1.5950749624728822,0.2883552563817878
SB68564_component_585a,214.122602,31.124563,8.760000228881836,42.73170852661133,214.12251,31.12463,56.3,0.8606943423966401,0.15559503070838077
SB68564_component_594a,213.493873,32.283178,8.170000076293945,45.38888931274414,213.4942,32.28316,63.6,0.7105884931498821,0.1284591206964457
SB68564_component_597a,213.089651,33.534448,8.258999824523926,43.015625,213.08951,33.53432,31.3,1.4596083692512987,0.2638658090902213
SB68564_component_604a,214.779713,33.001334,8.312999725341797,42.85051345825195,214.77979,33.0014,31.6,1.4552040980780847,0.26306961156144926
SB68564_component_612a,211.913854,29.957195,8.666000366210938,15.586331367492676,211.91379,29.95717,44.5,1.0772386268346,0.19474158126316712
SB68564_component_614a,216.736024,31.096961,7.7789998054504395,33.530174255371094,216.7356,31.09666,28.3,1.5205144461769116,0.27487631821379643
SB68564_component_615a,210.639269,32.340098,8.468999862670898,26.383176803588867,210.63898,32.33995,64.1,0.7308484359146364,0.13212168272497501
SB68564_component_618a,217.87634,34.47397,8.810999870300293,25.83871078491211,217.87685,34.47432,46.0,1.059547884561368,0.19154347544131073
SB68564_component_624a,213.227007,31.342273,8.800000190734863,45.595855712890625,213.22713,31.34191,20.4,2.386193946961772,0.43137255836935606
SB68564_component_629a,212.75879,32.222403,8.25,47.413795471191406,212.75906,32.2224,32.8,1.3913401904424125,0.25152439024390244
SB68564_component_631a,213.835468,34.521847,8.449000358581543,41.214637756347656,213.83527,34.52193,23.0,2.0320328199682995,0.3673478416774584
SB68564_component_637a,213.851246,35.29044,8.274999618530273,17.38445281982422,213.85103,35.29159,56.1,0.8159402302838935,0.14750444952816885
SB68564_component_641a,211.497969,31.516521,7.486000061035156,34.98130798339844,211.49834,31.51632,29.4,1.408496335678335,0.2546258524161618
SB68564_component_655a,214.190414,29.723459,7.670000076293945,15.463709831237793,214.1907,29.72346,18.3,2.31844877120376,0.4191256872291773
SB68564_component_662a,214.54631,29.844861,7.892000198364258,12.667737007141113,214.54715,29.84463,20.3,2.150523908249045,0.38876848267804226
SB68564_component_664a,216.04246,34.284707,7.486000061035156,38.98958206176758,216.04231,34.28501,64.5,0.6420122832394272,0.11606201645015746
SB68564_component_677a,217.071934,35.156482,6.927000045776367,16.813106536865234,217.07098,35.1569,35.7,1.0733224169854205,0.1940336147276293
SB68564_component_678a,216.296274,32.745542,7.50600004196167,38.4923095703125,216.29678,32.74537,29.8,1.3933028452848222,0.25187919603898223
SB68564_component_692a,216.744427,31.701957,7.486000061035156,38.193878173828125,216.74402,31.70152,30.9,1.3401227271502605,0.24226537414353258
SB68564_component_696a,215.624804,34.751441,7.730999946594238,34.20796585083008,215.62451,34.75217,29.1,1.469589048283055,0.26567010125753393
SB68564_component_700a,214.935188,30.467611,6.78000020980835,35.68421173095703,214.93562,30.46781,32.1,1.168363283247996,0.2112149598071137
SB68564_component_708a,213.56701,31.365895,6.872000217437744,37.34782791137695,213.56752,31.36601,26.5,1.4344668495963602,0.25932076292217904
SB68564_component_710a,212.481841,33.618238,7.052999973297119,39.18333053588867,212.48187,33.61797,67.4,0.5788515642370855,0.1046439165177614
SB68564_component_716a,212.237327,35.181233,7.598999977111816,17.389015197753906,212.23708,35.18158,32.7,1.2854699125964741,0.23238532040097296
SB68564_component_725a,214.316209,33.756227,6.73799991607666,35.27748489379883,214.31657,33.75624,46.9,0.7947149520839178,0.14366737560931045
SB68564_component_726a,210.756408,30.324498,6.831999778747559,20.76595687866211,210.75623,30.32492,24.1,1.5681370886110741,0.283485467997824
SB68564_component_741a,213.262107,33.633957,6.807000160217285,39.57558059692383,213.26234,33.63411,40.2,0.936662068734119,0.16932836219445982
SB68564_component_742a,214.3573,33.645092,6.353000164031982,34.155914306640625,214.35783,33.64615,25.7,1.3674106837676778,0.24719844996233395
SB68564_component_800a,214.493359,34.253986,5.818999767303467,30.626314163208008,214.4937,34.25369,15.6,2.0633693117103262,0.37301280559637606
SB68564_component_808a,212.182216,31.276138,5.747000217437744,31.064865112304688,212.18289,31.27695,36.7,0.8662203351190794,0.15659401137432544
SB68564_component_814a,215.406857,30.679909,5.875999927520752,29.527637481689453,215.40742,30.68037,34.9,0.9313428404926264,0.16836676010088114
SB68564_component_824a,217.541503,31.983442,6.061999797821045,12.099800109863281,217.54187,31.98286,19.7,1.7021699410165827,0.30771572577771805
SB68564_component_841a,217.436236,35.147892,5.854000091552734,14.140096664428711,217.43613,35.14802,34.8,0.930522130801717,0.1682183934354234
SB68564_component_850a,213.035914,30.31843,5.474999904632568,22.71784210205078,213.03551,30.31805,30.3,0.9995274209319504,0.1806930661594907
SB68564_component_859a,213.782832,32.631739,5.992000102996826,30.416244506835938,213.78383,32.63077,25.5,1.29982491509663,0.23498039619595396
SB68564_component_862a,214.464714,31.604007,6.080999851226807,34.94827651977539,214.46561,31.60388,45.3,0.7425573758983931,0.13423840731185005
SB68564_component_870a,217.282707,33.01415,6.000999927520752,30.308080673217773,217.283,33.01413,43.1,0.7701930173090159,0.1392343370654467
SB68564_component_897a,214.78863,30.655124,5.4770002365112305,28.978837966918945,214.78941,30.65553,23.0,1.3172498240292916,0.23813044506570566
SB68564_component_928a,215.250335,34.170177,5.533999919891357,27.949495315551758,215.24968,34.16929,29.3,1.0447797674231374,0.18887371740243541
SB68564_component_959a,213.534937,34.84114,4.928999900817871,20.974468231201172,213.53464,34.84143,25.7,1.0609109004635389,0.19178987940925568
SB68564_component_973a,217.204819,31.730824,4.51800012588501,18.2914981842041,217.2049,31.73094,29.8,0.8386547289103938,0.15161074247936274
SB68564_component_1009a,212.709977,30.895047,4.664000034332275,26.804597854614258,212.71019,30.89559,43.7,0.5903782284959828,0.10672768957282094
SB68564_component_1081a,217.131457,32.230145,4.01800012588501,14.610909461975098,217.13139,32.23029,73.6,0.30198499008459284,0.05459239301474198
SB68564_component_1086a,214.37441,31.696647,4.421000003814697,24.291210174560547,214.37457,31.69622,28.1,0.8702968686807422,0.15733096098984686
SB68564_component_1220a,213.04094,30.987452,3.2330000400543213,17.763736724853516,213.04108,30.98727,37.1,0.4820421623421965,0.08714285822248845
SB68564_component_1262a,211.923441,31.784068,3.309999942779541,17.06185531616211,211.92334,31.78354,34.5,0.5307159215973346,0.09594202732694322
SB68564_component_1438a,214.156924,32.644686,2.9230000972747803,16.060440063476562,214.15736,32.64452,23.2,0.6969378808452448,0.12599138350322328
