Component_ID,RA,DEC,ASKAP_flux,ASKAP_flux_SNR,RA_comp,DEC_comp,Comp_flux,Flux_Ratio_AlphaCorr,Flux_Ratio_NOAlphaCorr
SB66896_component_14a,181.238718,24.525606,275.88299560546875,1140.0123291015625,181.2387043547261,24.525765224953606,230.81604618853873,0.9792703751657154,1.1952505042917065
SB66896_component_18a,184.668681,21.819359,242.37899780273438,1014.1381225585938,184.66872242372668,21.819374366727697,219.79586878689105,0.9034812435507519,1.102745921206278
SB66896_component_27a,184.725857,21.255168,186.781005859375,694.3532104492188,184.72593651475285,21.255177422560724,160.31022436167999,0.9545862375450467,1.1651222284984992
SB66896_component_34a,181.419927,20.719228,143.51199340820312,301.49578857421875,181.42009712277405,20.71941514327293,122.86466993788157,0.9569844025214397,1.168049313775559
SB66896_component_43a,184.349399,23.946487,115.71600341796875,553.6651000976562,184.34944075458088,23.94655678643743,104.11817161396193,0.9105642042484678,1.1113910436980012
SB66896_component_44a,182.07777,20.829707,106.26599884033203,311.6304931640625,182.07792736850482,20.829874944540908,86.52937310479571,1.0061771542591518,1.228091629782563
SB66896_component_50a,180.202244,24.549975,99.2760009765625,451.2545471191406,180.20226509722008,24.550037021465776,87.87850283962031,0.925561553041665,1.1296960891304988
SB66896_component_53a,179.383172,25.042246,93.1989974975586,108.62354278564453,179.38314186814242,25.042280561199696,88.42856680858422,0.8634999870479656,1.053946714971652
SB66896_component_55a,182.881337,21.363452,90.58100128173828,457.47979736328125,182.88156677425673,21.36349013735658,86.24546415986053,0.8604874370103633,1.0502697407233104
SB66896_component_56a,181.264688,21.613563,91.78600311279297,480.55499267578125,181.2647802799178,21.61365244638281,81.06066375477201,0.9277051849306927,1.1323125035154868
SB66896_component_57a,183.395777,21.501541,90.80899810791016,507.3128356933594,183.39594843313859,21.50156507436342,86.73986966109544,0.857736319080515,1.0469118579808034
SB66896_component_58a,184.985058,26.117806,93.27200317382812,108.83547973632812,184.9848402028668,26.117639072131105,89.98644899100114,0.8492154185579637,1.0365116550288094
SB66896_component_68a,181.464502,20.521867,81.5260009765625,91.80855560302734,181.46468305033326,20.522052890500333,71.64280418261059,0.9323248164155353,1.1379510043850405
SB66896_component_69a,185.671729,21.909709,81.37200164794922,310.5801696777344,185.67179970224726,21.909780962384502,79.50560523434868,0.838534493256026,1.0234750293152186
SB66896_component_72a,181.152917,25.473373,75.63800048828125,303.7670593261719,181.15286072966964,25.473536064990604,68.61269535181786,0.9031902489052573,1.1023907470831817
SB66896_component_74a,182.429042,20.984515,73.09200286865234,267.73626708984375,182.42921792918412,20.984602216793313,60.509751466059754,0.9896649152447982,1.2079375819226434
SB66896_component_77a,182.21794,22.014025,70.40499877929688,368.612548828125,182.21817538116235,22.013844016382293,72.85205553797435,0.7917815290136831,0.9664106010378535
SB66896_component_79a,180.15104,22.426304,69.30799865722656,273.9446716308594,180.15092128885016,22.426421043816053,56.56945837760378,1.0037949779218502,1.2251840594723822
SB66896_component_80a,185.815389,24.525474,68.7969970703125,202.94100952148438,185.81542822754116,24.525713711601167,62.27370968853833,0.9051247180405608,1.1047518674317036
SB66896_component_83a,183.578469,21.138533,63.93899917602539,256.78314208984375,183.57863402048932,21.13855120703051,57.271819698091846,0.9146786302772791,1.1164129149916933
SB66896_component_87a,185.726263,24.617227,63.165000915527344,218.5640106201172,185.72629645545632,24.617591928887343,47.173511099842806,1.097038794727883,1.3389929950695958
SB66896_component_88a,181.6028,20.795878,64.46299743652344,166.57106018066406,181.60294589776748,20.796071484813137,54.325740861086615,0.9721841110731387,1.186601349834478
SB66896_component_89a,185.968509,24.197275,66.8949966430664,180.7972869873047,185.96857977423608,24.19749807831485,67.7535920306648,0.8089189181789053,0.9873276772217507
SB66896_component_94a,181.018613,23.60044,58.928001403808594,274.0837097167969,181.01856494374653,23.600465571121255,57.80188334150856,0.8352633074585804,1.0194823766493324
SB66896_component_95a,184.858565,24.930435,64.4000015258789,299.5348815917969,184.85855127145948,24.930430288278718,58.79032900853737,0.897477703244247,1.0954182875303677
SB66896_component_103a,183.598293,26.18079,53.034000396728516,61.02876663208008,183.59804039884557,26.18084908675945,48.9601007612032,0.8874742593288719,1.0832085631399178
SB66896_component_104a,185.960385,24.003106,57.757999420166016,184.5303497314453,185.96046636450228,24.003282996745046,49.89751604167712,0.9483680107446704,1.1575325587735348
SB66896_component_106a,183.720293,23.636647,58.505001068115234,361.1419677734375,183.72038621264,23.63661621445451,55.39607472428713,0.8652820211786398,1.0561217804564962
SB66896_component_108a,180.002442,23.372115,53.0260009765625,195.66790771484375,180.00244208561588,23.372193234555173,55.6203808814793,0.7810855397842859,0.9533555890160995
SB66896_component_109a,184.153472,21.353573,50.72999954223633,245.0724639892578,184.15349710053889,21.35356317687505,47.667842182520474,0.8719328629342008,1.0642394792697105
SB66896_component_111a,181.512869,20.78303,57.474998474121094,146.24681091308594,181.51305196006956,20.783215515147592,49.07863719828509,0.9594672479720362,1.1710797559824948
SB66896_component_112a,185.507825,26.070631,54.755001068115234,74.49659729003906,185.50757309357266,26.070667804259347,54.73175159172231,0.8196494002510197,1.0004247895548155
SB66896_component_116a,184.971199,23.060757,49.262001037597656,251.3367462158203,184.9713198710032,23.060782307881656,40.32549170250985,1.0008662812209832,1.2216094325895497
SB66896_component_117a,183.314296,26.14956,49.90700149536133,54.18783950805664,183.3139798013184,26.149726450768046,44.6662843112829,0.9154304036613123,1.1173304935677086
SB66896_component_125a,184.335949,24.750173,46.63600158691406,234.3517608642578,184.33594211200673,24.750189621343882,41.52670085629541,0.9201053583438353,1.1230365192818847
SB66896_component_128a,180.547435,23.193744,45.91899871826172,234.28060913085938,180.5474345021975,23.19376658471406,39.16837926557192,0.9605068998349567,1.1723487052379375
SB66896_component_130a,183.160742,23.186257,45.034000396728516,271.2891845703125,183.16080271184452,23.186178544387918,40.88762873288819,0.9023858645376058,1.1014089540610892
SB66896_component_136a,186.137434,21.998569,45.417999267578125,129.02841186523438,186.13759744036048,21.99855840568863,39.864304593605866,0.93344232097292,1.1393149769095197
SB66896_component_138a,182.252484,22.790488,45.439998626708984,252.44442749023438,182.2525411501898,22.790242514932583,40.890719757222065,0.9104523796580396,1.1112545559603026
SB66896_component_143a,180.116596,23.661657,41.68899917602539,150.50180053710938,180.11658362479582,23.66172454420202,34.871769472589186,0.9794700595413108,1.1954942294739261
SB66896_component_148a,181.934417,23.653881,41.694000244140625,243.82455444335938,181.93421067386853,23.653838673470414,37.85430587887524,0.902405967048708,1.101433490223054
SB66896_component_149a,183.979524,25.323242,41.00600051879883,197.14422607421875,183.979602026301,25.323186663949794,42.53891960014852,0.789777284005556,0.9639643156018392
SB66896_component_150a,184.469388,22.996061,43.762001037597656,205.4553985595703,184.4694174698177,22.9961526912095,36.20675775114304,0.990264514497667,1.2086694240446343
SB66896_component_152a,183.134098,25.506068,38.01499938964844,173.58447265625,183.13409635026318,25.506087112281275,37.65508592323952,0.8271323860016676,1.0095581634614408
SB66896_component_153a,185.836783,21.300726,36.62099838256836,73.53614044189453,185.83696555769353,21.300654381753905,30.7327395524526,0.9762759378893759,1.1915956376120023
SB66896_component_157a,185.340907,20.771327,38.053001403808594,92.81220245361328,185.34097229074868,20.771564602655893,32.44171191254577,0.9610120529730354,1.1729652709570126
SB66896_component_158a,186.672404,24.013742,38.18600082397461,37.510807037353516,186.67255887719924,24.013844429892707,31.663015356734764,0.9880879133476825,1.2060127689592393
SB66896_component_159a,186.252481,24.910331,38.0099983215332,87.9861068725586,186.25261555901525,24.91047672615482,30.340460182726787,1.0264064386393201,1.2527825251369384
SB66896_component_160a,184.945978,20.423242,36.52799987792969,35.08933639526367,184.94593021559646,20.423400361940267,32.19697276880325,0.9295109991600918,1.1345165938495596
SB66896_component_163a,183.309389,24.521574,35.380001068115234,186.21054077148438,183.30944240937214,24.52152848020804,31.345264336082536,0.9247611703094701,1.128719180312931
SB66896_component_164a,186.023479,23.291506,35.56999969482422,108.1155014038086,186.02372016669102,23.2914518646607,28.61422864040402,1.0184635704290024,1.2430878407324415
SB66896_component_165a,181.991169,24.343125,34.5369987487793,182.73544311523438,181.99115896631594,24.3432570302961,32.434277905098014,0.8724168442748301,1.0648302037071335
SB66896_component_166a,180.038146,23.916664,35.19900131225586,125.26335144042969,180.03814109919006,23.916711265467576,26.2945856097526,1.0967501222962313,1.338640655329462
SB66896_component_169a,180.875462,25.876924,34.0,76.57657623291016,180.87522383922308,25.877161375904873,30.296022688914686,0.9194687649923661,1.1222595239354833
SB66896_component_171a,181.462684,22.755441,34.42900085449219,201.3391876220703,181.46281242902978,22.755316870568564,32.37764778137741,0.871209908269516,1.0633570754418624
SB66896_component_173a,180.47933,23.990737,34.6510009765625,164.22276306152344,180.47933024295827,23.99076888291733,30.638693760614423,0.9265934370267316,1.1309555572863828
SB66896_component_174a,182.52396,21.788059,37.55699920654297,203.01080322265625,182.52420934383431,21.787929267827074,34.47301911455973,0.8925966357991995,1.0894606904528623
SB66896_component_176a,182.520735,25.465557,34.41999816894531,173.83837890625,182.5207856398301,25.465594773391853,31.886622092542027,0.8843944510382551,1.0794494966902066
SB66896_component_177a,185.914681,24.004894,34.04100036621094,123.78545379638672,185.91474951751874,24.00504781955195,30.709298083663906,0.9081887233685594,1.1084916455423435
SB66896_component_180a,182.117507,22.678489,31.96500015258789,168.23684692382812,182.11758291579542,22.67832237668772,31.328978976034325,0.8359343093784445,1.0203013694458445
SB66896_component_181a,179.15129,20.984049,34.66699981689453,15.046441078186035,179.151186416877,20.984165511015842,24.844224900458837,1.1432323022051083,1.395374577222342
SB66896_component_184a,183.832075,25.209245,32.797000885009766,175.38502502441406,183.83217898886477,25.20913843452445,30.991124791461537,0.8670426750963516,1.058270750277698
SB66896_component_185a,179.619552,22.178275,31.836999893188477,41.945980072021484,179.61939773529255,22.17836242296566,24.970561486561245,1.0445939563700912,1.2749813379375805
SB66896_component_186a,182.3725,22.069392,30.719999313354492,156.7346954345703,182.3727845546132,22.069132240791074,27.412796612303985,0.9181455605242902,1.120644483954844
SB66896_component_189a,184.287169,22.819979,34.01100158691406,204.88555908203125,184.2872743686321,22.81995612791532,31.13700498743583,0.8949242289817979,1.0923016391794242
SB66896_component_190a,180.841607,23.832081,31.892000198364258,139.26637268066406,180.8415839969337,23.832093855727265,33.55534354108419,0.77868847950837,0.9504298520835174
SB66896_component_193a,185.525919,24.325736,31.082000732421875,125.33065032958984,185.52601361113483,24.32593153380583,28.853153502524705,0.8825907285090436,1.0772479593851723
SB66896_component_195a,183.729488,21.249152,30.636999130249023,156.31121826171875,183.72957229472746,21.24916748486982,27.032237289064735,0.9285556011896184,1.133350480858738
SB66896_component_197a,180.155764,25.277218,31.82900047302246,96.16012573242188,180.15575773902114,25.277427385893688,28.20908469909187,0.9244377815977568,1.1283244675445683
SB66896_component_198a,182.43929,22.311987,28.562000274658203,129.2398223876953,182.43955688905498,22.31164405145744,22.771633369186898,1.027633176934753,1.2542798231288255
SB66896_component_201a,179.995778,21.097331,27.51300048828125,107.05447387695312,179.99581168210048,21.09739846625283,24.24274607410714,0.9298220140816323,1.1348962037624508
SB66896_component_202a,185.821859,24.726651,28.507999420166016,104.8088150024414,185.82184487731436,24.72684765094859,23.37278140241011,0.9993095202061919,1.2197093246773951
SB66896_component_204a,182.871674,24.666308,27.006000518798828,146.77174377441406,182.87169642707357,24.666276117406273,28.458073971328613,0.777496510635621,0.9489749919831981
SB66896_component_212a,184.79645,21.914741,28.051000595092773,133.57620239257812,184.7964507186176,21.914763938676387,27.358061138820272,0.8400530684257234,1.0253285294142882
SB66896_component_219a,185.458602,20.924534,25.77899932861328,71.80780029296875,185.45871482371345,20.924699162936886,24.94925693136197,0.8465490380984083,1.0332571987828745
SB66896_component_221a,185.642815,25.848458,26.555999755859375,69.51832580566406,185.64262353414955,25.84853392182127,23.568611494778036,0.9231501387151112,1.126752832331393
SB66896_component_222a,186.100874,24.606453,25.93899917602539,45.909732818603516,186.1008698393491,24.606669865256478,29.662606786614433,0.71645279538355,0.8744679576756093
SB66896_component_224a,181.11772,23.892832,25.957000732421875,138.80747985839844,181.11763025208214,23.892911397914794,23.13182571632971,0.9193656614588069,1.1221336807019844
SB66896_component_225a,180.319708,23.581242,26.128999710083008,122.09812927246094,180.3196860568963,23.58131872191057,31.006883205609302,0.6904120322721086,0.8426838498026187
SB66896_component_226a,181.206711,20.744526,25.590999603271484,66.99214935302734,181.20683311097883,20.744798299335475,20.403833535290225,1.0275883199986018,1.2542250729015996
SB66896_component_228a,184.354271,23.315826,25.62700080871582,140.8076934814453,184.35437194881186,23.31588855573698,21.919015539488107,0.9579005417995009,1.1691675094872582
SB66896_component_231a,181.210452,24.11453,28.41200065612793,142.77386474609375,181.21038265043927,24.114660752322507,26.61210932500492,0.8747142425271578,1.0676342979484088
SB66896_component_232a,179.64776,23.251794,24.60300064086914,72.7899398803711,179.64770309492297,23.251913525652192,20.274778733458362,0.9942042961854284,1.2134781328226358
SB66896_component_235a,181.676073,24.447058,28.29800033569336,142.2010040283203,181.6760431257554,24.447243939145807,21.37098528026673,1.0848629638528686,1.3241317592325894
SB66896_component_237a,186.673304,24.990399,26.111000061035156,26.454914093017578,186.67351731088576,24.990563660638113,20.786346255473934,1.0291745287201692,1.256161123273842
SB66896_component_238a,185.100375,25.560548,26.70599937438965,103.11196899414062,185.10024505242922,25.560524072167297,25.11872225217377,0.8710738406183368,1.0631909977856662
SB66896_component_240a,185.401816,21.542082,24.559999465942383,105.86206817626953,185.40187030769798,21.542086156977085,25.378885177619107,0.7928654493163853,0.967733582230047
SB66896_component_241a,182.849959,25.626986,24.79199981689453,109.6991195678711,182.84996833201396,25.627063975887555,23.378121929498583,0.8688516325664203,1.0604786771007433
SB66896_component_243a,184.070591,25.834597,23.402000427246094,58.35910415649414,184.07043503335709,25.834650258010456,27.152103796351504,0.7061438459768269,0.8618853479188113
SB66896_component_246a,179.808074,21.589581,24.847000122070312,83.6599349975586,179.8080116229673,21.589735106318173,20.631381412218147,0.9867095578042162,1.204330414218198
SB66896_component_248a,181.458098,21.274604,23.486000061035156,112.91345977783203,181.45814930740127,21.274735234649913,20.44331001607229,0.941242489645655,1.1488354890950017
SB66896_component_253a,180.732804,21.39169,23.507999420166016,100.8927001953125,180.73292676909315,21.391785791927106,20.669897977836236,0.9317963805067593,1.137306020831501
SB66896_component_254a,185.3844,22.906303,22.17799949645996,92.02489471435547,185.38451368570452,22.906442536614193,19.753104443197795,0.9198789696272806,1.1227602000604622
SB66896_component_256a,182.582553,21.197741,22.947999954223633,102.44642639160156,182.58270146592045,21.197787359128192,18.450238948714784,1.0190289591391384,1.243777927104958
SB66896_component_257a,183.355165,20.808756,22.792999267578125,65.12285614013672,183.3554597726791,20.80874580656009,19.414913969182187,0.9618551772397193,1.1739943480438833
SB66896_component_258a,183.102167,22.426825,23.01099967956543,132.24713134765625,183.10229725299175,22.426644298711825,21.04579069540569,0.8958059037025854,1.0933777691036692
SB66896_component_259a,180.700759,22.35359,23.349000930786133,117.3316650390625,180.70066816808966,22.353582301083552,21.06039546897816,0.9083337712845313,1.108668684079512
SB66896_component_260a,186.103182,23.061269,22.783000946044922,40.53915023803711,186.10342025615287,23.061337072917166,21.684226265101163,0.8608166899843417,1.0506716111292447
SB66896_component_262a,185.26938,21.031086,22.861000061035156,92.18144989013672,185.26950174346118,21.03112967598751,18.524958019058953,1.0110710448500895,1.2340648781776007
SB66896_component_263a,180.357531,25.834493,23.40999984741211,57.23716354370117,180.35740854504937,25.83480723131511,22.355423329571728,0.8579504245685429,1.0471731848819605
SB66896_component_265a,183.332633,20.576864,21.78499984741211,30.46853256225586,183.33291593586034,20.57681222352152,20.57647205099772,0.8674217896634666,1.0587334793554073
SB66896_component_267a,184.107893,25.825649,21.781999588012695,56.1391716003418,184.10772488787066,25.8256350396678,29.77202764842572,0.5994224614306827,0.7316263388316611
SB66896_component_268a,180.11643,25.555769,21.660999298095703,59.50823974609375,180.1163525099605,25.556062082320963,18.245481612970607,0.9726729481854901,1.1871980009942311
SB66896_component_272a,182.377303,25.693597,21.829999923706055,78.24372100830078,182.37722002436513,25.693592764044023,24.72227325717003,0.7234508190054377,0.8830094100418071
SB66896_component_280a,180.951163,25.11065,23.045000076293945,116.3888931274414,180.95117423408786,25.11078113134353,21.266709382827635,0.8878101348338041,1.0836185166898569
SB66896_component_282a,180.332714,21.351078,21.163999557495117,111.97883605957031,180.3327935936608,21.3511318535914,17.46166198956976,0.9930150883547756,1.2120266427180213
SB66896_component_284a,181.385375,25.521868,20.941999435424805,89.1148910522461,181.38530137968354,25.5219824380421,19.593701183234014,0.8756798248007781,1.0688128414117342
SB66896_component_285a,182.804931,25.902291,21.05500030517578,57.684932708740234,182.80477230266163,25.902335424585818,19.41851704668209,0.8883474750010383,1.0842743683546785
SB66896_component_287a,185.114055,25.400403,20.57699966430664,93.10859680175781,185.11406995898784,25.400536532521713,18.904016519563914,0.8918085735647686,1.0884988194446055
SB66896_component_288a,184.219717,20.740502,20.961999893188477,52.80100631713867,184.2197747670847,20.740608473415637,22.322417329760455,0.7693698656406045,0.9390559984398169
SB66896_component_289a,184.261437,21.701891,20.533000946044922,109.80213928222656,184.2614659858847,21.701856607391452,18.06942273718122,0.9310046060414167,1.1363396188520416
SB66896_component_300a,185.144959,23.544065,19.961000442504883,102.89175415039062,185.14505558585745,23.544022538556135,18.20523188650663,0.8983173135515925,1.0964430756468195
SB66896_component_301a,180.541065,20.663835,19.500999450683594,34.823211669921875,180.54114746946775,20.664047617156623,16.848231804907535,0.9483010290495919,1.1574508041255323
SB66896_component_316a,179.822764,24.255933,20.950000762939453,89.91416931152344,179.8227318457472,24.256043605079515,18.217172721773714,0.9422079144811016,1.150013840396835
SB66896_component_319a,183.079218,24.691843,18.968000411987305,109.0114974975586,183.07927660949397,24.691799048776222,20.76521649717091,0.7483913648569344,0.913450645437361
SB66896_component_321a,184.07423,24.994478,20.284000396728516,115.25,184.0742950574773,24.994440382813107,17.082215364308496,0.972866162340128,1.1874338289347304
SB66896_component_323a,183.343242,24.40281,20.461999893188477,114.9550552368164,183.34329652448508,24.402786651800785,18.207212644197096,0.9207639227699644,1.123840331469409
SB66896_component_324a,181.94578,20.523912,17.934999465942383,23.475130081176758,181.94598739175862,20.523968845757203,15.205591840083088,0.9663661750576051,1.1795002558640546
SB66896_component_330a,183.266326,25.038896,17.84000015258789,90.55838012695312,183.26638046892293,25.038848384802176,18.955789161201615,0.7710750754900532,0.9411372958875539
SB66896_component_334a,181.87012,25.505123,17.631000518798828,69.41338348388672,181.8700867105868,25.505132579520083,16.816862151105653,0.8589654087930306,1.0484120259997285
SB66896_component_335a,182.306246,26.048031,18.679000854492188,27.837556838989258,182.30600110522798,26.04808171983012,17.80673033430087,0.8594352076597866,1.0489854399890066
SB66896_component_337a,183.286219,25.787651,18.576000213623047,58.05000305175781,183.2860579148998,25.78781159280805,18.56339479034723,0.8198577139771421,1.000679047308867
SB66896_component_339a,186.023157,23.761857,17.506999969482422,72.64315795898438,186.02334276736744,23.761974656967798,14.699994441042827,0.9757492841159542,1.1909528292474962
SB66896_component_342a,183.904055,24.032523,19.27899932861328,104.21080780029297,183.90410124201065,24.032539030643356,16.339659289642604,0.9666854292495277,1.179889922235641
SB66896_component_345a,181.815351,21.437074,18.172000885009766,101.5195541381836,181.8154505025701,21.43722503622518,15.45975274065121,0.9630390254609628,1.1754392964660254
SB66896_component_346a,179.846428,23.281045,17.14900016784668,59.3390998840332,179.84647695033433,23.281081352860166,15.154868622917212,0.9271079594393372,1.1315835586930751
SB66896_component_347a,185.689681,22.976522,16.78700065612793,55.22039794921875,185.6899261505006,22.97660100059687,15.491568515155015,0.8878127876701583,1.0836217546148168
SB66896_component_348a,182.882877,21.638517,18.945999145507812,103.5300521850586,182.88307965847633,21.6384845681251,17.129996707247525,0.9061579703363731,1.1060130056821293
SB66896_component_349a,184.581883,25.674437,16.77199935913086,68.1788558959961,184.5817406254294,25.674522701579583,15.216367735926175,0.9030619057138182,1.1022340975324751
SB66896_component_350a,183.511508,20.839072,16.884000778198242,45.756099700927734,183.51181972455234,20.838919118364213,14.459304051790026,0.9566909245519903,1.1676911086262167
SB66896_component_353a,180.203853,25.342635,16.82699966430664,54.280643463134766,180.20383497307444,25.34281471883667,14.98390523721736,0.920079488807967,1.1230049441657814
SB66896_component_354a,181.46552,21.188878,16.899999618530273,80.47618865966797,181.46564776402008,21.189072935153995,12.005902790623152,1.1532821042242094,1.4076408840932402
SB66896_component_356a,186.162398,25.882372,16.93400001525879,30.62206268310547,186.1621584860495,25.88255476271687,16.227297484722804,0.8549821323081727,1.043550229556173
SB66896_component_358a,182.994306,22.708986,17.673999786376953,103.35671997070312,182.99436676765265,22.70887038805379,19.314110188801095,0.7497281567470109,0.915082269574338
SB66896_component_361a,182.453546,22.742394,15.473999977111816,84.55738067626953,182.45368053756889,22.742205703399076,17.188214617192255,0.7375908235143662,0.9002680221152335
SB66896_component_364a,182.716863,21.664182,16.240999221801758,89.72927856445312,182.71709672675723,21.66413331679536,15.066315833060479,0.8831802713630085,1.077967527148451
SB66896_component_371a,182.277077,21.377935,15.380000114440918,80.94737243652344,182.27725888447202,21.377947327970553,17.03271710927663,0.7398029966191576,0.9029680946244577
SB66896_component_372a,182.137216,22.547709,15.178999900817871,73.68446350097656,182.13736354011502,22.547477725903132,15.289341454660896,0.8133885585967793,0.9927831061808494
SB66896_component_375a,180.644586,25.979415,16.45800018310547,32.85029983520508,180.64450668382682,25.97960690583479,14.836480006093808,0.9088450956792067,1.1092927821387317
SB66896_component_376a,180.835497,20.473735,15.836000442504883,16.66947364807129,180.83563092377324,20.474041997655878,24.543104080198585,0.5286396051994081,0.6452321756350857
SB66896_component_377a,183.784503,25.47749,14.987000465393066,77.65284729003906,183.7846394038646,25.477391588535646,12.971692113506665,0.9465896892905648,1.1553620248038403
SB66896_component_379a,180.928496,24.911246,16.059999465942383,84.52631378173828,180.92851941818813,24.91144659304624,14.286360266242191,0.9210169219310648,1.1241491301245703
SB66896_component_383a,183.33262,25.843844,14.270000457763672,35.854270935058594,183.3324431334848,25.843932145269626,14.885059126898051,0.7854473952290525,0.9586794608008686
SB66896_component_384a,180.61418,25.895479,14.664999961853027,34.75118637084961,180.61397969077993,25.89567657624617,14.06104572583904,0.8544922467366587,1.0429522986973963
SB66896_component_385a,179.133948,21.349641,14.062999725341797,13.11846923828125,179.13372775378642,21.34966091579152,12.461009373296072,0.9246309500548999,1.1285602397088945
SB66896_component_391a,183.973886,21.939893,14.85099983215332,82.96647644042969,183.97392445631067,21.93992935383404,13.997055596746636,0.8692860021965781,1.0610088478612008
SB66896_component_393a,181.388427,25.783174,15.581000328063965,49.15142059326172,181.38817427284505,25.783221543702677,14.408682393655333,0.8859612946940251,1.081361910990893
SB66896_component_395a,183.643171,23.101744,15.437000274658203,83.89674377441406,183.64338740008714,23.101656323554252,13.655038446842799,0.9262189569496382,1.130498484845161
SB66896_component_396a,183.369323,25.410238,14.33899974822998,75.46842193603516,183.36949918567467,25.410087166270692,15.717849939706316,0.7474280628264856,0.9122748851296071
SB66896_component_398a,186.466414,24.984214,13.647000312805176,21.32343864440918,186.46668030867255,24.984353721057037,12.399265725925941,0.9017474336126599,1.100629715860538
SB66896_component_400a,182.360329,21.925467,14.795000076293945,80.84699249267578,182.36057826470176,21.92535648459056,15.07721547931415,0.8039656820039293,0.9812819944500095
SB66896_component_401a,181.014281,24.422537,14.196999549865723,74.72105407714844,181.01427121276146,24.422695765244917,13.961332305565843,0.8331311740637782,1.0168799967755175
SB66896_component_402a,180.303812,22.768274,14.062000274658203,76.01081085205078,180.30380685637957,22.768336525706353,13.783845018189671,0.8358347085995452,1.0201798015068704
SB66896_component_404a,185.974689,25.667227,13.555999755859375,43.44871520996094,185.97466393955384,25.667330585744203,14.37282255353882,0.7727396010578085,0.9431689360501894
SB66896_component_409a,183.455698,25.674371,14.170999526977539,55.572547912597656,183.45563849663893,25.674379059436202,13.492868575231599,0.8604782041812602,1.0502584715744405
SB66896_component_410a,184.866851,20.655373,13.88599967956543,24.97481918334961,184.866946207331,20.655492672567565,11.382555297779238,0.9994960057669888,1.2199369400186106
SB66896_component_411a,182.290848,23.633499,13.345999717712402,76.7011489868164,182.29079957974662,23.633422891278162,11.817137537075649,0.9252998717263834,1.1293766934538951
SB66896_component_412a,181.963052,23.932268,14.07800006866455,79.98863983154297,181.96287338307135,23.932335040586786,11.38652813158607,1.012962388887168,1.2363733620972994
SB66896_component_413a,180.044225,25.765028,12.373000144958496,24.025243759155273,180.04410478164047,25.765268759038207,12.238575117803862,0.8283003427349453,1.0109837154947132
SB66896_component_414a,179.312972,25.115307,13.958999633789062,15.492785453796387,179.31283793046293,25.11503980382102,15.866012772924254,0.720825558488414,0.8798051428277206
SB66896_component_416a,183.277298,23.992619,13.182000160217285,60.467891693115234,183.2773825315004,23.99263601533832,14.415263669547844,0.7492079945770759,0.9144473845500433
SB66896_component_419a,181.006265,21.067574,14.175000190734863,60.063560485839844,181.00643432041142,21.06765354533267,13.653318831376279,0.8506061576380844,1.0382091245214111
SB66896_component_420a,183.320893,24.02817,14.114999771118164,70.57499694824219,183.320983531599,24.028216835874783,12.526197184327335,0.9232202298927759,1.1268383822648684
SB66896_component_421a,186.053054,24.253057,13.074999809265137,31.0570068359375,186.05306451855273,24.253352346476905,12.228953552522235,0.8759838039347939,1.0691838637794486
SB66896_component_422a,183.623157,21.019476,12.88599967956543,48.082088470458984,183.62334175220408,21.019472158204035,10.737945912704742,0.983197091119074,1.200043265660259
SB66896_component_423a,182.572901,25.354645,13.333999633789062,74.49161529541016,182.57298631786625,25.354641022562436,13.581359700183993,0.8043792671132608,0.9817867966201071
SB66896_component_426a,185.841736,25.740538,12.920000076293945,43.79661178588867,185.84149638925845,25.74076567961673,11.262018756329958,0.9399179655620609,1.1472188384548816
SB66896_component_431a,180.630056,23.860328,13.184000015258789,67.26530456542969,180.63006902707286,23.86035594368978,11.798215513505111,0.9155341548704387,1.1174571273229759
SB66896_component_442a,181.793827,22.787144,13.210000038146973,73.79888153076172,181.79398560817853,22.786997503762645,11.977787320888226,0.9035868506884787,1.1028748202190797
SB66896_component_444a,180.402201,26.122769,14.524999618530273,18.27043914794922,180.40217238741624,26.123002494844997,11.492741832442073,1.0354667540794684,1.263841112094648
SB66896_component_446a,185.72877,24.460735,12.54699993133545,41.82332992553711,185.72888183757988,24.460959135791533,11.414464203641863,0.90059191956386,1.0992193507718253
SB66896_component_448a,186.5761,25.317735,11.967000007629395,19.208667755126953,186.5762264188764,25.317787427264506,9.530780001417028,1.0287279209718767,1.2556160152527025
SB66896_component_450a,182.874812,24.180097,11.97599983215332,64.04277801513672,182.87482389509205,24.180076908804526,13.101992044961586,0.7488901711270535,0.9140594644734753
SB66896_component_451a,180.167464,22.956276,12.35099983215332,64.328125,180.16743856452803,22.956214693010036,11.090900267032733,0.912386806716727,1.1136156249521225
SB66896_component_455a,183.42144,21.966975,13.572999954223633,73.36756896972656,183.4214920438667,21.966874687157333,11.963227784174665,0.9295465782746135,1.1345600200121932
SB66896_component_456a,185.010317,24.181031,12.482000350952148,56.99543762207031,185.0103965291132,24.181216801003778,12.682961070347332,0.8063195909849239,0.9841550629793362
SB66896_component_460a,181.887053,21.46042,11.847999572753906,69.28654479980469,181.88710736351297,21.460582107126545,9.721969190600099,0.9984687347300643,1.2186831022062286
SB66896_component_463a,182.824213,22.608106,12.069999694824219,71.42012023925781,182.82436946243115,22.607918364475076,15.436575392911745,0.6406192454723281,0.7819091597457938
SB66896_component_466a,182.956089,21.086563,12.17199993133545,54.0977783203125,182.9562655112493,21.086612925034977,11.619190256642606,0.8582815148116238,1.0475772977705402
SB66896_component_467a,180.148266,24.69254,12.276000022888184,52.913795471191406,180.14830112432423,24.692692045985943,11.260896102362313,0.8931565960982525,1.0901441511668792
SB66896_component_472a,181.462967,22.235894,11.736000061035156,61.7684211730957,181.46321690999767,22.23564122203467,11.314324463902155,0.849836059957106,1.0372691801864387
SB66896_component_474a,180.327392,25.035687,12.920999526977539,54.06275939941406,180.32735440060748,25.035907630920725,9.661199124856193,1.0957431341674064,1.3374115738629773
SB66896_component_475a,181.888108,24.017872,11.324999809265137,63.623592376708984,181.88792660039906,24.01792923446917,10.53156959497868,0.8810261158723244,1.0753382681594539
SB66896_component_476a,183.354429,24.22596,11.541000366210938,60.109375,183.35451623400286,24.225873324527743,11.448100433417519,0.8259498998488154,1.008114877514722
SB66896_component_478a,180.59686,24.560439,12.088000297546387,57.289100646972656,180.59676943644536,24.560621181223354,14.923584756019263,0.6636284352091034,0.8099930743966074
SB66896_component_480a,183.429696,23.812734,10.956000328063965,57.968257904052734,183.42983779292473,23.812628471583267,10.495228779982401,0.8552711200634908,1.0439029541652676
SB66896_component_484a,183.999936,25.454529,11.807000160217285,49.818565368652344,184.00004281198994,25.45434640685631,10.807337723992775,0.8950855103291578,1.0924984914652214
SB66896_component_485a,182.631699,21.348552,11.317000389099121,59.87831115722656,182.63191695317255,21.348637710596062,10.986666712792092,0.8439351225253353,1.030066778663852
SB66896_component_488a,181.621824,23.682993,11.236000061035156,61.73626708984375,181.62153548971884,23.683006255932796,10.94845417757138,0.840819177701253,1.0262636056926495
SB66896_component_489a,185.253193,23.051857,11.404000282287598,61.97826385498047,185.25328206624388,23.05190730535418,9.620105344034428,0.9712277273390135,1.1854340336677696
SB66896_component_490a,181.441136,21.657874,11.324999809265137,57.78061294555664,181.4413234344286,21.657985362205057,11.298616442713639,0.8212145178436251,1.0023350971054967
SB66896_component_492a,179.330424,21.154718,12.020000457763672,17.860328674316406,179.33026569672234,21.15484371877884,9.741143785266482,1.0109698670475393,1.233941385399112
SB66896_component_493a,186.115446,22.17105,11.170999526977539,35.23974609375,186.1156013117495,22.170941196314324,9.000693443313343,1.0168566755162067,1.241126541786236
SB66896_component_498a,184.207164,24.342246,12.378999710083008,63.482051849365234,184.20716906497876,24.34242400695107,9.995038282822687,1.0147166153448213,1.2385144868686855
SB66896_component_499a,181.230565,24.225812,11.315999984741211,61.5,181.2305547963162,24.225926265117295,10.564895156728257,0.8775491046723984,1.0710943948681415
SB66896_component_502a,185.956831,23.136542,10.692000389099121,28.58823585510254,185.95716586664113,23.136377431221835,9.499186538439673,0.9221811285592737,1.1255701049592588
SB66896_component_504a,184.519478,21.191116,11.616000175476074,51.398231506347656,184.51963285663362,21.191044317888498,9.764596786881125,0.9746439162420203,1.1896036701773838
SB66896_component_505a,182.212005,20.925305,11.454999923706055,47.139915466308594,182.21213216528733,20.92553602024859,8.037548973027228,1.1676566024799324,1.425185707999698
SB66896_component_510a,185.329483,24.772112,12.067000389099121,55.100460052490234,185.3294412617367,24.772412761261638,10.107347154969213,0.978150823753472,1.193884033474249
SB66896_component_514a,183.004734,26.100066,10.866000175476074,14.82401180267334,183.00464440805908,26.099945625473016,10.986016931962453,0.8103509106925764,0.989075498678943
SB66896_component_515a,180.04583,26.111978,8.98799991607666,11.348484992980957,180.04584032082826,26.11207776386615,10.056573421183824,0.7322455007962699,0.8937437772933422
SB66896_component_516a,180.912237,22.333564,11.17300033569336,57.005104064941406,180.9122272550263,22.33355523828957,10.09634391725453,0.9066702315662118,1.106638247197467
SB66896_component_518a,184.151379,23.501539,10.456000328063965,60.43931198120117,184.15140244692822,23.501432651854824,8.072240546410157,1.0612438194739309,1.2953033631677269
SB66896_component_519a,184.18627,22.754184,11.248000144958496,63.54802322387695,184.1864532737926,22.754158823533192,10.161621812937828,0.9068928261181443,1.1069099354433252
SB66896_component_520a,184.847013,23.83965,10.86400032043457,61.37853240966797,184.8470649275652,23.83973469144037,8.889278800469143,1.0013062410929898,1.2221464265313862
SB66896_component_523a,184.628192,22.588017,10.166999816894531,53.51052474975586,184.62829398862135,22.588200321716055,9.564888246565708,0.8708765497143198,1.0629501939601869
SB66896_component_525a,185.968733,25.009834,10.798999786376953,42.68379592895508,185.96888050636335,25.010106242181738,7.838693436488024,1.1287130166315167,1.3776530328522758
SB66896_component_526a,185.685943,25.981962,11.348999977111816,22.92727279663086,185.68577529702665,25.981927606636688,9.352722698907055,0.9941758698541139,1.213443437004504
SB66896_component_528a,181.158572,25.401932,10.666999816894531,49.38425827026367,181.15833010600429,25.402007842718913,8.781020473808802,0.9952701494584825,1.2147790622640102
SB66896_component_529a,183.15024,21.345696,10.25100040435791,51.51256561279297,183.15051855745256,21.345675239724844,9.058819988352525,0.9271250208885613,1.1316043830806048
SB66896_component_531a,180.020186,24.616541,10.730999946594238,50.38028335571289,180.02023592812824,24.616626788266533,8.288856460619046,1.0606919054580635,1.2946297233614783
SB66896_component_532a,183.1836,25.073371,10.612000465393066,46.955753326416016,183.1837764717381,25.073226363487343,11.050689445409912,0.7867768394274721,0.9603021166974282
SB66896_component_533a,185.195781,21.447756,10.199999809265137,46.57534408569336,185.19590913912427,21.447786354664267,9.64910176669485,0.8660779019206374,1.057093194360514
SB66896_component_536a,186.108353,25.011945,11.182000160217285,38.426116943359375,186.1084579060456,25.01216489679382,9.358013180061764,0.9789928556103303,1.1949117772180229
SB66896_component_537a,183.997273,25.679704,11.746000289916992,37.890323638916016,183.99700237072597,25.67943947460598,9.746155797003045,0.9874164055182882,1.2051931586737925
SB66896_component_538a,181.883049,23.699068,10.394000053405762,57.744441986083984,181.88277421407656,23.699089563461612,9.976835483505875,0.8535590762543015,1.0418133155136777
SB66896_component_540a,183.931567,22.244551,11.232999801635742,62.754188537597656,183.9316414509707,22.244372577929315,9.990251290733584,0.9212192821002172,1.1243961212522116
SB66896_component_542a,179.797584,22.646333,10.279999732971191,39.23664093017578,179.79749131872148,22.646383122674237,8.360873559274687,1.0073609893590674,1.2295365621894407
SB66896_component_543a,179.414469,21.668527,10.942000389099121,17.04361343383789,179.41433782599424,21.668540700968727,7.971479523781458,1.1246087853660371,1.3726436047982882
SB66896_component_544a,186.411641,23.262396,9.920999526977539,15.009076118469238,186.41204096209233,23.26241950953275,7.2429291597776375,1.1222377467480233,1.3697496286546753
SB66896_component_545a,179.150231,24.497964,10.739999771118164,13.308549880981445,179.15021446356394,24.49798053564528,9.02001771343195,0.9755298494300761,1.1906849977827587
SB66896_component_546a,185.220135,23.949396,9.817000389099121,45.87383270263672,185.2202945948201,23.949304931300812,7.919912402084934,1.0155518717489096,1.2395339608194118
SB66896_component_547a,182.572194,21.401822,10.317999839782715,56.69230651855469,182.57235297284524,21.401858577200716,9.29142487167172,0.9098229299475762,1.11048627979987
SB66896_component_548a,183.388651,21.048393,9.84000015258789,40.49382781982422,183.388830939459,21.048491134953153,9.60946114593386,0.8389570944009279,1.0239908360263865
SB66896_component_551a,183.890944,26.092005,9.8149995803833,13.902266502380371,183.89076432764693,26.09202483738873,9.883444482755351,0.8136275377207132,0.9930747926503283
SB66896_component_552a,180.097003,20.691966,10.380999565124512,23.48642349243164,180.09692129631384,20.692137197372766,7.837440184276205,1.085197074735154,1.3245395589686668
SB66896_component_556a,181.770811,24.488636,9.95199966430664,52.9361686706543,181.7709322301648,24.488818562340946,9.514202035151957,0.8570016618283112,1.046015170535286
SB66896_component_557a,183.359762,24.081313,9.972999572753906,46.17129135131836,183.35999047498254,24.081239638481957,9.965736658198331,0.819898467026597,1.0007287885286031
SB66896_component_558a,179.484473,21.47436,9.6899995803833,20.5732479095459,179.484079037158,21.47456077946226,9.573163591792913,0.8293005599853506,1.0122045327513836
SB66896_component_560a,180.95225,21.059105,10.017999649047852,38.679534912109375,180.95223151584173,21.059236664783672,9.407314089990562,0.8724871684384203,1.064916038012068
SB66896_component_561a,181.129151,23.619916,9.746000289916992,47.541465759277344,181.1290302535273,23.620093165970044,9.322562391700814,0.8565146630321727,1.0454207631362311
SB66896_component_563a,180.087334,21.65592,9.644000053405762,42.484580993652344,180.08739953753428,21.65595703207472,7.446384144926303,1.0610978829820203,1.295125240077338
SB66896_component_564a,180.669593,21.938979,9.288000106811523,45.52941131591797,180.6694757534122,21.939043225627643,9.022563549266275,0.8434045564415515,1.0294191951207519
SB66896_component_569a,182.640619,25.29406,9.404000282287598,51.10869598388672,182.64079505758932,25.294015069070845,9.710751599681862,0.7934205948720723,0.96841116629898
SB66896_component_571a,182.98457,20.456787,9.737000465393066,10.549296379089355,182.9848024000854,20.456838004946338,7.818619074512967,1.0203256791177624,1.2453606413866118
SB66896_component_572a,184.148557,24.912654,9.663000106811523,53.983238220214844,184.14864719715274,24.912582423560867,7.169263785353794,1.1042848274049186,1.3478371554066992
SB66896_component_574a,182.086639,22.410978,9.383000373840332,43.845794677734375,182.08678608892245,22.410654556821036,7.742004900489185,0.9929605000168268,1.2119600148079808
SB66896_component_576a,184.300505,24.388844,9.366000175476074,47.543148040771484,184.30051217523732,24.388906009316226,8.892945595750968,0.8628835843756649,1.0531943634009333
SB66896_component_578a,185.409244,25.206435,9.288000106811523,46.90909194946289,185.40927347850712,25.20674034585878,11.139531597136292,0.6831230866287858,0.8337873119547725
SB66896_component_579a,186.078497,25.570841,10.032999992370605,35.20351028442383,186.07854417237385,25.571234521873645,7.4413282003365095,1.1046483119026524,1.3482808071705392
SB66896_component_580a,184.964514,21.300101,9.539999961853027,44.579437255859375,184.9645966592988,21.30002381344331,10.762661438678776,0.7262269726813375,0.8863978502165127
SB66896_component_581a,184.390942,24.067457,9.881999969482422,48.92079162597656,184.39098127072336,24.06754074800396,10.464080197272454,0.7737264964163548,0.9443734932438921
SB66896_component_582a,183.907588,22.001326,8.755999565124512,50.32183837890625,183.90772510838673,22.001252980003418,9.051898854337104,0.7925190671316678,0.9673108047301241
SB66896_component_583a,181.770318,25.932495,9.49899959564209,22.670642852783203,181.77009913722145,25.9323999998818,7.768445075048529,1.0018148166371699,1.2227671694753857
SB66896_component_584a,185.166769,25.760034,9.654000282287598,26.09189224243164,185.16670273829823,25.759911323713634,8.953375534569256,0.8834138166920726,1.0782525813882382
SB66896_component_586a,180.301573,23.898945,9.574000358581543,43.12612533569336,180.3015049314759,23.898932031223215,7.627872009274979,1.0283328819196578,1.2551338495113975
SB66896_component_592a,180.8391,25.823095,9.095000267028809,26.286128997802734,180.8389803387527,25.82343033165823,9.571223452029313,0.7785364339802028,0.9502442725961502
SB66896_component_593a,183.649078,21.603777,9.355999946594238,44.98076629638672,183.64921391010847,21.603646334792305,9.537742344669883,0.8036895203385386,0.9809449247517982
SB66896_component_594a,179.809939,25.112066,8.781999588012695,20.375869750976562,179.81000365818036,25.111973999891955,8.791859171777881,0.818382568418239,0.9988785553120737
SB66896_component_595a,183.356681,20.646615,8.829999923706055,16.05454444885254,183.3570445099946,20.646603031083014,7.914675544135115,0.9140527606726789,1.1156490085369586
SB66896_component_597a,180.442042,20.593303,9.52299976348877,14.583460807800293,180.44220460196416,20.593529800162173,8.85500246536899,0.8811072361996964,1.0754372797446696
SB66896_component_598a,182.241346,20.745694,9.085000038146973,25.0966854095459,182.24157879672387,20.745791498798827,7.167099496961219,1.0385446688869642,1.2675978674495763
SB66896_component_599a,185.596289,25.564503,8.826000213623047,37.3983039855957,185.59632669886147,25.56463162053306,6.449144612575944,1.1212578562582398,1.3685536212681901
SB66896_component_600a,179.850409,21.850489,9.027000427246094,24.266130447387695,179.85020500660588,21.85077921804986,10.791445973762974,0.685342245264097,0.8364959106678808
SB66896_component_604a,184.861522,23.623301,8.961000442504883,48.701087951660156,184.8615153582366,23.623439053683768,7.639401505150243,0.9610386272359347,1.1729977062291672
SB66896_component_605a,182.243845,26.156368,9.416999816894531,11.318509101867676,182.24347020103897,26.156440021700412,10.069453673788503,0.7662144439340927,0.9352046418772098
SB66896_component_612a,182.958873,20.589776,9.493000030517578,16.42387580871582,182.95920897466567,20.58964384919378,7.127924419188514,1.0911490455138244,1.3318042493495348
SB66896_component_617a,180.495127,25.406428,8.498000144958496,35.70588302612305,180.49504139833977,25.406581069629542,8.690563594559194,0.8011474839069908,0.9778422368692804
SB66896_component_618a,183.415447,22.78303,9.503999710083008,51.37297058105469,183.41556666392077,22.783057205388662,6.769076336011219,1.1503253313307438,1.4040319887548178
SB66896_component_619a,183.848193,26.044283,8.982000350952148,15.897345542907715,183.84778480126275,26.044654939116498,6.210475176379594,1.1849278807448174,1.446266202804182
SB66896_component_621a,185.038192,22.33922,8.531999588012695,34.68292236328125,185.0384909808745,22.33912451537655,10.836950205444317,0.6450411615126258,0.7873063386160388
SB66896_component_622a,180.634587,23.007317,9.07699966430664,46.788658142089844,180.63457163081023,23.007142130346175,7.609933164173475,0.977248826798947,1.1927830992051172
SB66896_component_630a,186.234809,23.497366,8.956000328063965,25.884395599365234,186.2349856517472,23.497410866206653,7.67499612426035,0.956047822826924,1.166906169470811
SB66896_component_639a,186.024297,23.85144,8.637999534606934,34.97166061401367,186.02444294272672,23.851560181199496,7.579590022219261,0.9337081330848755,1.1396394144386421
SB66896_component_641a,180.069775,21.219659,7.999000072479248,38.272727966308594,180.0697393262495,21.219780402478623,7.406543692769748,0.8848380549089512,1.0799909383222641
SB66896_component_643a,184.760626,22.404523,8.095000267028809,43.99456787109375,184.76071438339332,22.404583708062983,6.554659810087427,1.0118366166580892,1.2349992984488445
SB66896_component_649a,181.280993,23.950516,8.484999656677246,43.73711013793945,181.28078113002093,23.95060678358068,8.079570451852113,0.8604135431565029,1.0501795494254518
SB66896_component_650a,183.144238,23.909715,8.366999626159668,40.4202880859375,183.14427814997717,23.90953039068444,7.055388050597948,0.9716112287353683,1.1859021170990816
SB66896_component_652a,182.208233,24.701079,8.63700008392334,44.29230880737305,182.20819774287554,24.701296412501627,7.078714586079965,0.9996597421509964,1.220136788804522
SB66896_component_654a,180.579697,23.717858,8.666000366210938,47.878456115722656,180.5796614565528,23.717868364293867,6.665753507271139,1.0651557938848075,1.300078131715775
SB66896_component_657a,181.178145,20.800592,8.75,26.51515007019043,181.17824679181243,20.800819791498938,5.7004860537555855,1.2575922327119842,1.5349568295558478
SB66896_component_660a,180.274966,20.386055,8.711999893188477,12.81176471710205,180.27469983629155,20.38640999895872,6.09057400429184,1.1719344415322968,1.4304070334010224
SB66896_component_662a,179.32185,21.307307,8.541000366210938,12.342486381530762,179.32149289256785,21.307347623436833,6.707854302750406,1.043202935223299,1.2732835241679132
SB66896_component_663a,179.095721,21.380389,8.270999908447266,20.729324340820312,179.09534245528656,21.38034771243029,7.347985286320898,0.9222176268452364,1.125614653018517
SB66896_component_664a,179.696948,25.4542,7.48799991607666,10.051006317138672,179.69698909498604,25.454529124598967,5.588976984003661,1.0976836376796086,1.339780059482842
SB66896_component_666a,183.617381,21.463642,8.192999839782715,36.90540313720703,183.6176530222768,21.46350365357653,7.413021551483185,0.905506067012148,1.105217323716464
SB66896_component_670a,181.415775,23.384307,7.591000080108643,41.255435943603516,181.41570887430115,23.384101108979014,5.007496930199725,1.2420011133026845,1.515927056156153
SB66896_component_671a,180.589746,21.135828,7.35699987411499,29.194442749023438,180.58983982897647,21.136000053719208,8.921436406537898,0.6756311201743692,0.8246429766313818
SB66896_component_673a,182.685195,20.674221,8.538000106811523,16.45086669921875,182.6853566852752,20.67459474575402,7.273940672302856,0.9616788885397654,1.1737791785024938
SB66896_component_674a,185.805644,21.331432,7.9770002365112305,18.725353240966797,185.80585422972896,21.33119195348005,7.016296772800782,0.9314838625847316,1.136924576428222
SB66896_component_675a,181.19813,25.106754,7.870999813079834,36.95305252075195,181.19821412366977,25.10715195761847,6.44150002077623,1.001120997605464,1.2219203272052994
SB66896_component_676a,182.034368,23.433221,7.6529998779296875,38.65151596069336,182.03425938634567,23.433022956535137,5.53202676426714,1.1334206338149142,1.383398924850199
SB66896_component_680a,179.501529,21.451342,8.265999794006348,18.24724006652832,179.50140767222823,21.45129719913552,6.373415387902642,1.0625927450279804,1.2969497970736403
SB66896_component_686a,184.522591,22.840824,7.581999778747559,40.54545211791992,184.52275245282078,22.840868277498423,7.78682981343739,0.7977499125788423,0.9736953240795932
SB66896_component_687a,181.680327,21.282166,8.222999572753906,38.60563278198242,181.6804289224849,21.282376229512597,7.481285320412726,0.9005290566432639,1.0991426233026307
SB66896_component_690a,180.849448,21.359862,8.029999732971191,40.76142120361328,180.84952594613435,21.359853958732597,7.193760273345823,0.9145411480255559,1.1162451107418447
SB66896_component_692a,184.734649,24.161225,7.453000068664551,40.726776123046875,184.73477978931703,24.161345079509374,5.719850930040364,1.0675545986205588,1.3030059978524573
SB66896_component_693a,185.623857,23.894614,8.383999824523926,41.09803771972656,185.62382988622505,23.894572050757215,6.318377665515493,1.0871497245787025,1.3269228698186573
SB66896_component_695a,180.31612,22.69963,7.614999771118164,38.4595947265625,180.3160141197441,22.699755432151427,7.105762530451752,0.8780169214977906,1.0716653896726882
SB66896_component_699a,186.132195,23.589152,7.466000080108643,26.856115341186523,186.13239339295234,23.589211460946412,7.60120271624282,0.8047284514460327,0.9822129942876978
SB66896_component_704a,182.685161,20.982694,7.627999782562256,26.034128189086914,182.68552656892592,20.982811168467602,7.919313823552928,0.7891631533120061,0.9632147370995362
SB66896_component_711a,184.954318,20.840584,8.076000213623047,23.893491744995117,184.95423811857515,20.84077324166816,6.9410683318912065,0.9532650767037224,1.163509682870765
SB66896_component_715a,182.919826,23.528468,7.998000144958496,47.325443267822266,182.91991061932396,23.528486998050372,7.234576239756528,0.9057576084016542,1.1055243430854576
SB66896_component_718a,184.277596,21.433348,7.105000019073486,35.52499771118164,184.27751300430333,21.4336132912315,6.036652790967272,0.9642986681713125,1.1769767560103501
SB66896_component_720a,184.920756,22.02577,7.421999931335449,36.20487976074219,184.92080277558307,22.02569572320878,5.992366248180401,1.014766864536029,1.238575818624097
SB66896_component_721a,180.827439,20.836472,6.785999774932861,17.580310821533203,180.82756848689107,20.836630083943003,5.5820255341243765,0.9960145964275884,1.215687698568965
SB66896_component_722a,182.712763,20.825875,7.079999923706055,20.946744918823242,182.71287460365494,20.826011864304988,7.142485812309622,0.8121337285922188,0.9912515207946403
SB66896_component_724a,185.232094,22.044708,7.116000175476074,35.402984619140625,185.23220212939378,22.04485019713242,10.100740890654913,0.577200103721369,0.7045027936574152
SB66896_component_725a,183.957651,20.724153,6.586999893188477,16.467498779296875,183.95784937341145,20.724405481870797,6.305150014213559,0.8559253977768678,1.0447015341965775
SB66896_component_730a,186.153983,24.249957,6.420000076293945,13.12883472442627,186.1542815754283,24.250177386055878,6.762309320168381,0.7778281954019118,0.9493798305183248
SB66896_component_732a,185.335905,22.820541,6.986000061035156,28.867769241333008,185.33609763585244,22.820606489911604,6.928771607816763,0.8260684204807097,1.008259538119835
SB66896_component_734a,184.446849,23.385415,7.186999797821045,39.489009857177734,184.44693600584776,23.385598720508714,9.982899612763104,0.5898405279011205,0.7199310898240917
SB66896_component_735a,179.627214,23.294896,7.197999954223633,19.042327880859375,179.62717940272444,23.295041709359626,6.571466299750236,0.8974148160824523,1.0953415304735277
SB66896_component_736a,185.534133,24.003278,6.715000152587891,32.59708786010742,185.53423577944145,24.003474603170044,6.074513536762728,0.9056871449041083,1.1054383387161724
SB66896_component_737a,182.565768,23.391439,7.111000061035156,39.07143020629883,182.56581471556333,23.391362226077053,7.114014432292788,0.8189542127849555,0.9995762770393115
SB66896_component_739a,185.42297,22.743865,7.00600004196167,29.94017219543457,185.4231268891203,22.744017371659382,9.261376420004973,0.6197810313925783,0.7564750339731799
SB66896_component_740a,186.092018,24.031756,7.614999771118164,21.211698532104492,186.09200834799722,24.032002246760527,7.5951165189534455,0.8214462182788588,1.002617899556261
SB66896_component_746a,184.450706,23.95787,7.513000011444092,38.331634521484375,184.45072803542303,23.957946404505208,7.463107487315579,0.8247785804431903,1.006685221164684
SB66896_component_749a,183.402104,24.213127,6.724999904632568,36.155914306640625,183.40221373075056,24.212804337948462,7.216117070727746,0.7635410537736832,0.9319416299262384
SB66896_component_751a,186.340981,22.032722,7.245999813079834,14.180039405822754,186.34134561917745,22.032808366498916,5.711321585317496,1.0394542632908381,1.268708074801399
SB66896_component_754a,181.614151,23.261683,6.894000053405762,37.46739196777344,181.61425593543945,23.26166906771321,5.6538906739628265,0.9990047582099997,1.2193373467856143
SB66896_component_755a,184.215834,25.904976,6.933000087738037,15.203948020935059,184.2158321858199,25.905084229716444,7.1463684254027315,0.7948395785248465,0.9701431097638
SB66896_component_756a,185.124518,22.374039,7.423999786376953,25.600000381469727,185.1244988465096,22.374284400574325,7.403605732080878,0.8215582262080385,1.002754611068456
SB66896_component_758a,182.103921,20.536212,7.081999778747559,11.03115177154541,182.10411768132903,20.536342829005093,5.064968810219865,1.145573119114754,1.3982316661966052
SB66896_component_760a,185.247559,25.16004,6.854000091552734,31.585254669189453,185.2476022427538,25.159970663585,6.2555697893693365,0.8976786849538972,1.0956635961763812
SB66896_component_763a,184.3224,21.900228,7.046999931335449,35.05970001220703,184.32248061332726,21.900212783995876,7.176751790892712,0.8044888360984075,0.9819205312740623
SB66896_component_764a,184.935389,25.201911,7.135000228881836,33.1860466003418,184.93529071827624,25.201930741042197,6.207698101037292,0.9416881047339349,1.149379385522887
SB66896_component_766a,183.388168,24.364766,6.583000183105469,37.19209289550781,183.3882241661219,24.36479354400037,5.491795466460341,0.9820943075809565,1.1986972609066318
SB66896_component_767a,180.26628,23.806906,7.314000129699707,31.799999237060547,180.26635668991523,23.8068545581456,5.420192333529394,1.1055641487763033,1.3493986337819028
SB66896_component_775a,185.214063,25.149169,6.752999782562256,33.10293960571289,185.21407113546653,25.149454550145368,4.534352802631431,1.220183389228769,1.4892973874117763
SB66896_component_776a,184.446689,22.786898,6.9039998054504395,38.355552673339844,184.44677105989217,22.786951649964085,6.360688570146154,0.8892836732774937,1.0854170471188156
SB66896_component_779a,180.929877,24.975338,6.3520002365112305,33.25654602050781,180.929902518632,24.97551035571056,4.498659852447495,1.156833960353567,1.4119761095196888
SB66896_component_781a,182.633519,23.727528,6.473999977111816,38.30769348144531,182.63342285521625,23.727341415444215,6.503619598000406,0.8155700019085607,0.995445671376952
SB66896_component_782a,179.948001,22.864005,6.784999847412109,34.09547805786133,179.947993219444,22.863928954467692,5.569235529790812,0.998154888206164,1.218300036175156
SB66896_component_789a,183.914033,22.645025,6.046000003814697,33.21977996826172,183.91418152537094,22.645036576762767,5.753164669717481,0.8610037028353432,1.050899870055622
SB66896_component_794a,180.83579,23.341114,6.455999851226807,35.47252655029297,180.83594507120182,23.34123541215164,7.426503423648236,0.7122341724532618,0.8693189086359199
SB66896_component_796a,180.001312,23.933343,6.8520002365112305,23.306123733520508,180.00150631738103,23.933447665909767,5.419442591284109,1.035872801238354,1.2643367138035657
SB66896_component_797a,182.768241,22.105461,6.681000232696533,38.618499755859375,182.7683952754528,22.10517287126079,6.591649151803143,0.8304071583302963,1.0135551936754625
SB66896_component_798a,181.362258,21.518404,6.081999778747559,32.179893493652344,181.36242612715935,21.51853329661822,5.660628342890428,0.8802893330409198,1.074438986333798
SB66896_component_799a,185.260437,24.171849,7.064000129699707,33.478675842285156,185.26046016209403,24.172026767355796,6.342744461911787,0.9124669952856784,1.1137134992776494
SB66896_component_800a,182.378059,24.02042,6.2729997634887695,33.72580337524414,182.37800582250836,24.020480335166148,5.839950846532362,0.8800548896223704,1.0741528359290118
SB66896_component_803a,181.590981,25.090828,6.126999855041504,32.24736785888672,181.5909951880483,25.091138525955817,5.7018908707390565,0.8803850312982289,1.0745557910418841
SB66896_component_806a,179.802924,24.505555,6.811999797821045,29.746723175048828,179.80298510473358,24.505558780527643,5.432381952868725,1.0273726723198682,1.2539618636763517
SB66896_component_807a,182.064287,22.585458,6.2729997634887695,30.901477813720703,182.06431688567662,22.585272238331402,5.870007460857324,0.875548682334124,1.06865277519981
SB66896_component_808a,184.112358,23.532361,7.015999794006348,34.732669830322266,184.1123970273489,23.532192294408183,6.462819482179908,0.8894288717333086,1.0855942693977043
SB66896_component_809a,183.676377,21.986589,6.11899995803833,34.184356689453125,183.67645852100426,21.986413997245748,6.827243289453726,0.7343088320680847,0.8962621805920636
SB66896_component_812a,181.791074,25.504739,6.440000057220459,30.961538314819336,181.79121825376913,25.505000266433605,4.777259898467002,1.104461758238032,1.3480531087050596
SB66896_component_814a,183.241014,24.645325,5.833000183105469,34.72024154663086,183.24115922500556,24.645261298628636,5.855702802594381,0.816124929820898,0.9961229898008392
SB66896_component_815a,180.300934,24.507777,6.098999977111816,30.803030014038086,180.30101220973768,24.50783598300057,8.314224344324181,0.6010084437726104,0.7335621128957607
SB66896_component_817a,184.045975,25.560239,6.078999996185303,24.413654327392578,184.04593594253785,25.560165054333254,5.027837035755891,0.9905915778841555,1.209068621944979
SB66896_component_818a,183.088097,25.181897,5.978000164031982,28.06572914123535,183.08837471948888,25.181708050563444,5.968691983301369,0.8205790708391554,1.001559500935323
SB66896_component_819a,180.542438,24.665931,6.216000080108643,26.79310417175293,180.5424208903085,24.666089814047947,5.603071617596216,0.9089259832039426,1.1093915095762028
SB66896_component_821a,180.564417,25.116689,5.775000095367432,28.170732498168945,180.56449097871158,25.11696307710633,5.9593817451721645,0.793952408122287,0.9690602720736753
SB66896_component_827a,186.166289,21.915619,6.557000160217285,17.438831329345703,186.16645808151557,21.91537869234977,5.096681690555859,1.0540503680272253,1.2865233809612622
SB66896_component_828a,180.33573,22.321357,6.086999893188477,25.46862030029297,180.33553598351003,22.32144658110851,5.516666430742207,0.9040037877537793,1.1033837136260451
SB66896_component_829a,183.997743,21.17043,5.671000003814697,29.691099166870117,183.99788639439484,21.170311535345462,4.8613501846186375,0.9557546553124109,1.1665483432478903
SB66896_component_830a,185.789717,24.488064,5.7769999504089355,16.136871337890625,185.79000491570886,24.488101465008427,5.645970229650529,0.8383154318840401,1.0232076534995327
SB66896_component_831a,185.589487,22.826368,6.658999919891357,25.416030883789062,185.58974603374222,22.82646332878324,6.318297875614818,0.8634806180162327,1.0539230740594652
SB66896_component_833a,182.167024,25.616387,5.986000061035156,22.503759384155273,182.16685794815635,25.616459061551417,4.011469310373472,1.2225789776507625,1.4922213278699754
SB66896_component_834a,181.532199,24.636879,5.645999908447266,28.806121826171875,181.53214421945438,24.63706450340356,5.397000618900736,0.8571011538295783,1.0461366057054937
SB66896_component_836a,182.32119,20.939679,5.379000186920166,21.777328491210938,182.32152639563924,20.939560469371028,3.8717298998528547,1.1382566279532478,1.3893015076089361
SB66896_component_838a,185.539653,21.129772,6.125,19.200626373291016,185.53984269488774,21.129824074422693,6.8153332768449015,0.7363133518018288,0.8987088013450041
SB66896_component_845a,179.781424,21.293583,6.170000076293945,22.355073928833008,179.7814122315936,21.293663264763577,5.768278793942443,0.8763601229136081,1.0696431806960112
SB66896_component_847a,182.980335,25.363974,5.979000091552734,32.14516067504883,182.9805274323141,25.36396229113145,5.0500265323414935,0.9700152924738216,1.1839541937575748
SB66896_component_854a,185.099471,20.756946,6.0289998054504395,16.427791595458984,185.09963929078862,20.757464120587038,7.120506117950298,0.693710210485296,0.846709448117986
SB66896_component_857a,180.648117,21.459648,5.702000141143799,25.68468475341797,180.6480202029024,21.459864772185867,6.605420232039583,0.7072459224266102,0.8632304896342937
SB66896_component_860a,185.131745,25.527076,6.007999897003174,23.196910858154297,185.131350061008,25.52756226556395,2.5306319298573734,1.9451120038505632,2.374110523983543
SB66896_component_861a,181.533681,25.676288,6.138000011444092,23.883268356323242,181.53346646842894,25.67633834293066,5.71990748318768,0.8791876146042893,1.0730942815920181
SB66896_component_862a,184.556161,23.161682,5.7729997634887695,32.25139617919922,184.55633876851024,23.161700446765796,5.12939863449261,0.9221015853682983,1.1254730183511705
SB66896_component_868a,179.704202,21.501376,5.607999801635742,17.362228393554688,179.70402646460167,21.501495551757692,3.932472886588606,1.1683848943481103,1.426074626162431
SB66896_component_871a,183.945533,22.18762,5.916999816894531,32.87221908569336,183.94554720087493,22.187276681680263,5.3720255144998275,0.9024167961865911,1.1014467077499435
SB66896_component_872a,181.730077,24.657691,5.934999942779541,33.91428756713867,181.7300769423467,24.657837140562965,7.456610513195764,0.6521131247250683,0.7959380381041132
SB66896_component_877a,180.324167,24.141172,5.580999851226807,24.58590316772461,180.3240861714584,24.141302373161786,5.238628915200256,0.8728468642830034,1.0653550655273818
SB66896_component_878a,181.516993,25.748719,6.26200008392334,20.73509979248047,181.5167630164247,25.74857601664888,6.126173927112603,0.8374664686561112,1.0221714496563035
SB66896_component_881a,180.515631,21.515597,4.920000076293945,23.317537307739258,180.5155638950989,21.515527643498128,4.632217998928362,0.8702014460045236,1.0621261947153955
SB66896_component_882a,183.57017,22.826416,5.814000129699707,34.81437301635742,183.5703296823723,22.826349105812774,5.2818451707942815,0.9018473876100931,1.1007517149211323
SB66896_component_883a,181.557342,23.896376,5.448999881744385,33.02423858642578,181.55694263549142,23.896593026321018,5.059245143464343,0.8824188074301194,1.0770381207527642
SB66896_component_884a,181.540407,23.255873,5.691999912261963,29.80104637145996,181.54028001602885,23.255830764234517,4.963052166685465,0.9396361688697731,1.146874890912807
SB66896_component_887a,186.014024,22.225132,5.978000164031982,22.1407413482666,186.01407335478524,22.225214319392975,5.35755656005613,0.9141823640833835,1.1158071962509253
SB66896_component_888a,179.381958,22.957493,5.688000202178955,10.65168571472168,179.38197076213322,22.957278336028917,5.0788291091783755,0.9175710101043539,1.1199432152382713
SB66896_component_892a,179.357649,22.774244,5.728000164031982,10.848484992980957,179.35744595626198,22.774299478169922,4.457205906745412,1.0528924347613415,1.2851100630920786
SB66896_component_894a,183.31949,24.668874,5.513999938964844,29.174604415893555,183.31947987875733,24.669051925541726,4.988052119989595,0.9056897548828753,1.1054415243312146
SB66896_component_895a,185.880977,24.527915,5.498000144958496,14.89972972869873,185.88091346392144,24.52800903186121,4.5601851509979605,0.9877930170813555,1.205652832704677
SB66896_component_898a,182.672092,24.598191,5.802999973297119,31.884614944458008,182.67213148556317,24.59832873891886,5.782834029540178,0.8221584436884737,1.0034872077693962
SB66896_component_904a,183.25732,20.799329,5.697999954223633,16.515941619873047,183.25755717664447,20.79937447269398,6.3344531838430305,0.7369821878720851,0.8995251506092481
SB66896_component_907a,182.074187,23.488332,5.635000228881836,30.625001907348633,182.07404947501098,23.48812689074132,4.447986041480287,1.0379446702601025,1.266865537870823
SB66896_component_909a,181.11564,21.376552,5.690000057220459,31.966291427612305,181.11569968600804,21.376646589895874,5.113320132935027,0.9117021267265749,1.1127799373583167
SB66896_component_911a,184.982272,22.110139,5.248000144958496,23.428571701049805,184.98227519609586,22.110332500427926,6.36850098039655,0.675150042308606,0.8240557960362781
SB66896_component_914a,182.634811,20.866074,5.901000022888184,17.054914474487305,182.63503798848782,20.866216031598455,5.2939427126331395,0.9132507968300874,1.1146701698917898
SB66896_component_915a,184.159373,25.581454,5.422999858856201,20.08518409729004,184.15946783495946,25.581316776541254,5.285454157662085,0.8406224099380234,1.0260234403877522
SB66896_component_917a,179.903384,25.422246,5.01800012588501,11.404545783996582,179.90310189319308,25.4225302026986,2.5158255646991896,1.6341571663044785,1.9945739467374395
SB66896_component_920a,183.155638,23.515114,5.514999866485596,30.30219841003418,183.1556242260457,23.515146636831325,5.539231779992991,0.8157172552706108,0.9956254017759434
SB66896_component_921a,186.45364,25.243763,5.374000072479248,10.769538879394531,186.45371884589184,25.243825321140736,3.077543607381653,1.430662301252885,1.746197863643401
SB66896_component_928a,179.604342,24.068856,5.546000003814697,12.03036880493164,179.60456392732132,24.06874981478913,3.719709345476111,1.2215592609086345,1.4909767104679053
SB66896_component_933a,182.004139,22.860908,5.745999813079834,31.74585723876953,182.00421931133397,22.86080777824353,5.117938019312895,0.919844183094431,1.1227177412850458
SB66896_component_940a,184.29936,25.115401,5.014999866485596,27.55494499206543,184.2994207794043,25.11524579511244,5.373431215169191,0.7646503871662129,0.9332956291183659
SB66896_component_941a,183.374711,22.361273,5.3480000495910645,31.0930233001709,183.37483735087102,22.36123120609345,3.9167664723316595,1.118683944047542,1.3654120273367711
SB66896_component_943a,182.458031,24.077754,5.130000114440918,26.173471450805664,182.4583237908212,24.077385914148508,5.470720209696253,0.7682747350693216,0.9377193345308638
SB66896_component_947a,179.64979,21.594033,4.857999801635742,12.17543888092041,179.64978528849022,21.594014951821077,3.5079021966465462,1.1346285237764986,1.384873217468791
SB66896_component_948a,180.640254,25.245389,5.110000133514404,24.685991287231445,180.64031986206243,25.24568862642412,6.2406875859534034,0.6708603900315844,0.818820051978894
SB66896_component_949a,185.247383,23.739693,5.065000057220459,24.350961685180664,185.24758141089126,23.73972954812923,5.512585395924141,0.7527795373305314,0.9188066385267039
SB66896_component_952a,179.759892,21.808224,4.560999870300293,11.908616065979004,179.75966451543502,21.808096534164203,6.161826238155768,0.6064490130025915,0.7402026110469156
SB66896_component_955a,182.393017,20.866725,5.324999809265137,17.28896141052246,182.39313224556122,20.86685527455628,4.274212122542473,1.0207213661137013,1.2458435979769793
SB66896_component_957a,184.498319,20.884186,5.466000080108643,17.134796142578125,184.49845594863908,20.884125163974932,4.582194726956108,0.9773267219419093,1.192878174284757
SB66896_component_958a,181.398806,24.925472,5.176000118255615,26.95833396911621,181.39869409535393,24.925349997253253,3.2090404646632997,1.3214866040382276,1.612943238096156
SB66896_component_960a,180.426747,20.870283,5.656000137329102,16.586511611938477,180.42663155246908,20.870729710470115,3.2932940551800893,1.4070922854911718,1.7174294316150311
SB66896_component_962a,182.699158,24.868407,4.815999984741211,26.316940307617188,182.69912824428653,24.868386935730566,4.251871426803916,0.9280043979117439,1.132677708545233
SB66896_component_965a,182.160695,23.815897,5.5320000648498535,33.52727127075195,182.1604910272092,23.81594479270739,3.5489383444536147,1.2771073458545819,1.5587760417127072
SB66896_component_971a,184.861097,22.226106,4.633999824523926,23.8865966796875,184.8611485145982,22.226218780256524,3.9711300020052906,0.956060970298395,1.1669222166446094
SB66896_component_976a,182.082871,25.078997,4.736000061035156,23.68000030517578,182.0830370294432,25.078924587582094,3.6133683496291513,1.073848819417574,1.3106884222089408
SB66896_component_981a,185.531496,24.895514,4.747000217437744,22.712919235229492,185.53137540749276,24.895814077327742,3.5854916174239646,1.0847114411525687,1.323946817883869
SB66896_component_985a,180.576718,22.577945,4.932000160217285,28.022727966308594,180.57680013535645,22.57784584286964,4.817885533835282,0.8387070339656896,1.0236856242392214
SB66896_component_991a,181.568403,23.978193,5.178999900817871,28.932958602905273,181.56813847023443,23.978113461771077,5.952765533407735,0.7128051135254152,0.8700157719555078
SB66896_component_992a,181.721773,24.745146,4.453999996185303,24.07567596435547,181.72167437328562,24.745355133106425,4.696233800940425,0.7770414446325568,0.9484195602215088
SB66896_component_994a,185.332982,22.227808,4.556000232696533,19.55364990234375,185.33279683654334,22.22792199312071,3.663481164375174,1.0189044417056463,1.2436259470911142
SB66896_component_997a,184.108419,22.437165,5.2820000648498535,28.095745086669922,184.1084447888733,22.437143691734985,4.881824696976824,0.8864615499138867,1.0819724985456456
SB66896_component_998a,183.117577,22.839615,4.814000129699707,29.716049194335938,183.11755126076312,22.83933010972065,4.802369962257704,0.8212855174532652,1.0024217558275197
SB66896_component_999a,180.483163,20.953449,5.09499979019165,17.329931259155273,180.48306111415215,20.95362174521753,4.56964905003249,0.9134925374892149,1.1149652269588242
SB66896_component_1008a,180.55361,21.930513,4.495999813079834,23.663156509399414,180.55396814816805,21.930279298488813,3.557580503020659,1.0354168518158455,1.263780203782426
SB66896_component_1009a,182.41022,23.110291,4.646999835968018,24.203123092651367,182.41007641825766,23.109948937696675,5.120333450790569,0.7435635523876278,0.9075580488318647
SB66896_component_1011a,181.447275,22.859347,4.96999979019165,24.974872589111328,181.44744876253185,22.859250638872094,5.333900804342295,0.7634052046179894,0.9317758189551641
SB66896_component_1012a,185.981709,24.08032,5.007999897003174,15.504643440246582,185.9819914869922,24.080322543495164,5.288376824350317,0.7758639958509738,0.946982422648827
SB66896_component_1016a,180.930166,23.085327,5.117000102996826,25.71356773376465,180.93044605536903,23.08517678995497,3.5432647854069033,1.1831927463700789,1.4441483809145235
SB66896_component_1017a,183.674004,24.881819,4.928999900817871,27.536312103271484,183.67391274267408,24.8820542075937,4.954438394449463,0.8150946783309183,0.9948655141902478
SB66896_component_1020a,185.612378,20.996072,4.51200008392334,11.719481468200684,185.61248994129173,20.996195429440796,3.7760393619493793,0.978985517361375,1.1949028205029146
SB66896_component_1023a,181.274667,25.548044,4.882999897003174,19.93061065673828,181.27434096130997,25.54838141905941,3.4950641912032077,1.1446566599197392,1.3971130800095997
SB66896_component_1027a,184.393693,25.466763,4.76200008392334,19.759336471557617,184.3935758402254,25.466337213489926,4.389651306338355,0.8887979747043132,1.0848242267096109
SB66896_component_1029a,180.020452,23.736044,4.539000034332275,13.92331314086914,180.0202894077939,23.735898211593405,3.5466207436200436,1.0485499334467758,1.2798098140314005
SB66896_component_1030a,181.301493,24.03559,4.677000045776367,24.877660751342773,181.30121343400222,24.03613268793773,3.867344859052307,0.9908277339409327,1.209356862713936
SB66896_component_1034a,180.861719,24.067114,4.742000102996826,24.827226638793945,180.86176607294593,24.067244800563973,5.141475025825628,0.755644471567376,0.9223034400007315
SB66896_component_1041a,185.89931,23.50348,4.443999767303467,20.863849639892578,185.89925291068016,23.503758936050684,2.7080688588506923,1.3444913277948014,1.6410217017854951
SB66896_component_1044a,183.126204,21.046604,4.441999912261963,19.14655113220215,183.1264811369814,21.046581627993618,3.903474375414637,0.932332650815688,1.1379605666785304
SB66896_component_1045a,181.798997,24.495991,4.059999942779541,22.808988571166992,181.7987999190735,24.496247485158865,4.342295171013217,0.7660380933676021,0.9349893968244894
SB66896_component_1046a,186.237532,23.740424,4.788000106811523,14.732308387756348,186.23778389484133,23.740338971234166,3.75961744355408,1.0434080339261589,1.2735338578185982
SB66896_component_1050a,181.961381,22.422933,4.419000148773193,23.257896423339844,181.96159126784573,22.422572553986853,2.8064756582420505,1.2900496262856445,1.5745727691581737
SB66896_component_1058a,184.816021,21.784738,4.288000106811523,21.22772216796875,184.815854849056,21.784941992442196,4.118413228505042,0.8530383342749277,1.0411777228017598
SB66896_component_1059a,183.79745,20.91171,4.618000030517578,15.601350784301758,183.7977434936537,20.911608965693407,3.5909199370899354,1.0536391275885402,1.2860214405838253
SB66896_component_1060a,180.462925,23.851847,4.584000110626221,21.933013916015625,180.46293524036278,23.85187531211247,3.6707252700245814,1.023143191753424,1.2487995623261459
SB66896_component_1064a,185.316245,23.655196,4.491000175476074,22.343284606933594,185.31639195954304,23.65517397652116,3.3239586747391527,1.1069579843292219,1.3510998826808533
SB66896_component_1068a,182.757618,22.351807,4.306000232696533,25.18128776550293,182.75791624608664,22.351454259291955,3.919181054374538,0.9001655802944561,1.0986989814849797
SB66896_component_1071a,180.589384,21.228531,4.264999866485596,18.788545608520508,180.58956703206954,21.228618418997943,2.9223593961262213,1.19571885529612,1.459437149359224
SB66896_component_1074a,182.688985,23.710205,4.796999931335449,28.052631378173828,182.68910958207616,23.710064249843512,5.0927661336551004,0.7717198297560615,0.9419242520552621
SB66896_component_1076a,180.176253,24.175233,4.199999809265137,18.0257511138916,180.1762935151921,24.17539103419072,4.2709961842578865,0.8056821986119053,0.983377092385512
SB66896_component_1082a,185.900719,24.038283,3.796999931335449,13.908424377441406,185.9007535967752,24.038456709505137,3.669229546970136,0.8478311875128091,1.034822128931895
SB66896_component_1089a,186.1505,23.755455,4.631999969482422,17.155553817749023,186.15075598489537,23.75576572880905,3.9001947570111013,0.9730293370867591,1.1876329922129676
SB66896_component_1095a,180.055655,24.224304,3.757999897003174,17.2385311126709,180.05572715481097,24.22432111285484,3.7836682098826153,0.8137432490725515,0.9932160243827939
SB66896_component_1101a,183.515422,21.672032,4.560999870300293,22.919597625732422,183.51559534364029,21.672245647455348,3.9369003974205055,0.9491816056284902,1.158525593710398
SB66896_component_1103a,181.697477,23.035723,3.755000114440918,19.557292938232422,181.69745391792924,23.035643904750636,3.866228087818345,0.7957307915314161,0.9712308816627031
SB66896_component_1106a,185.653637,22.140968,3.743000030517578,16.561946868896484,185.65365595867604,22.140854948433592,4.518862687499455,0.6786320504604852,0.8283057683677469
SB66896_component_1110a,181.272862,25.88058,4.197000026702881,10.186893463134766,181.2724135439334,25.880567486915485,4.876668863066541,0.7051140781931154,0.8606284626969173
SB66896_component_1116a,182.278927,24.748979,4.03000020980835,24.277111053466797,182.2791352496827,24.74920706887978,2.80202305439969,1.1783574321943435,1.438246628085558
SB66896_component_1118a,179.828903,24.723848,4.453999996185303,16.744359970092773,179.82917743600757,24.723601991218164,2.9751285832349206,1.2265581788895905,1.4970781502634665
SB66896_component_1119a,184.901638,21.239806,3.990999937057495,18.223743438720703,184.90157767082536,21.239983260959075,3.699537736490214,0.8838487258018483,1.0787834106116712
SB66896_component_1120a,185.78085,24.963789,4.139999866485596,18.237884521484375,185.7808084318673,24.964122431784027,5.040051758446326,0.6729906205858374,0.8214201093366975
SB66896_component_1121a,179.89756,22.954702,4.38700008392334,20.693397521972656,179.89757799184412,22.954856585763434,3.963329241249927,0.9068828145105151,1.1068977157546969
SB66896_component_1123a,181.479497,24.236023,4.409999847412109,24.636869430541992,181.4794406842877,24.23625742536147,5.785525443014151,0.6245100726721056,0.7622470751964373
SB66896_component_1128a,185.506958,23.5813,4.248000144958496,23.731843948364258,185.50711861375336,23.581326274230435,3.843332759133385,0.9055662246520995,1.1052907492497106
SB66896_component_1129a,180.148518,25.403039,4.466000080108643,14.739274024963379,180.1484832967904,25.403336134727635,3.667363336641409,0.9977195184482249,1.2177686447066436
SB66896_component_1133a,183.552259,25.574834,4.170000076293945,19.041095733642578,183.55242709146347,25.574502067473432,2.8580076029508015,1.1954085671983512,1.4590584265726072
SB66896_component_1135a,182.668342,25.103732,4.206999778747559,24.602336883544922,182.6686027684373,25.10345248069054,4.2765465871945585,0.805977582683389,0.9837376240316785
SB66896_component_1136a,186.028744,25.006704,3.622999906539917,13.62030029296875,186.02882026560562,25.006960553140246,3.476398575612891,0.853851686128456,1.0421704611074927
SB66896_component_1140a,185.833541,24.351321,4.074999809265137,11.915204048156738,185.83359463760775,24.351372146712205,4.058579231241667,0.8226161754087934,1.0040458931778564
SB66896_component_1141a,182.343653,24.123533,4.2779998779296875,25.464284896850586,182.34373350237325,24.12370684915725,3.5832108470761295,0.9781649220951438,1.1939012412346597
SB66896_component_1142a,181.413142,24.207568,3.950000047683716,20.789474487304688,181.41310263314384,24.20739608115911,3.7578017771395893,0.8612057369878832,1.0511464632630054
SB66896_component_1147a,179.927763,20.950408,3.940999984741211,12.051987648010254,179.92786226459094,20.95056874304948,3.0565341641118806,1.0563816766559544,1.2893688645833685
SB66896_component_1153a,183.020854,25.08888,3.9719998836517334,19.47058868408203,183.02083085650804,25.088993028469922,2.245466790892234,1.449259885683762,1.768897184212403
SB66896_component_1154a,183.69325,24.114472,3.634999990463257,19.335107803344727,183.69331063133896,24.11455871562069,3.325462284457001,0.8955628468724223,1.0930811055813248
SB66896_component_1162a,182.29639,22.149784,4.396999835968018,23.896738052368164,182.29683929414563,22.149327508835484,4.127877830974745,0.872716716723086,1.0651962136509556
SB66896_component_1164a,180.66265,23.735844,3.996999979019165,21.148147583007812,180.66288354821637,23.73593644911575,2.857081740771141,1.1461861627261787,1.398979917858547
SB66896_component_1169a,185.745206,23.965595,3.683000087738037,17.706729888916016,185.74524094007938,23.965666070412425,3.805936693821315,0.792836891105258,0.967698725445734
SB66896_component_1172a,183.48305,24.346711,4.408999919891357,22.844558715820312,183.48291811637895,24.346760216001424,3.994293866113106,0.9043650251980621,1.1038246227440964
SB66896_component_1173a,182.961321,23.77834,4.070000171661377,23.390806198120117,182.96119064572142,23.77816382521031,3.9964755070322906,0.8343743653611335,1.0183973765133079
SB66896_component_1175a,181.529098,22.234652,3.8399999141693115,20.0,181.52934925014608,22.234400238816043,4.626610249477874,0.6800048024896465,0.8299812837276851
SB66896_component_1182a,185.395737,22.974472,4.341000080108643,18.630901336669922,185.39602423394,22.97451353745483,3.8595843381221178,0.9214949070760894,1.1247325358929086
SB66896_component_1183a,182.557019,22.892199,3.7730000019073486,21.559999465942383,182.55711636355878,22.892177025835217,2.8414848097542635,1.0878904080017509,1.3278269125196007
SB66896_component_1184a,183.582506,24.870824,3.997999906539917,18.68224334716797,183.58240433336994,24.870896242966854,4.127456678285161,0.7936041621635258,0.9686352197404458
SB66896_component_1191a,184.565852,22.758188,3.999000072479248,22.340782165527344,184.56612013495186,22.758394966017224,4.692036158153602,0.6982866554996813,0.8522952376507099
SB66896_component_1196a,180.169477,23.406273,3.8459999561309814,16.227848052978516,180.16971889184532,23.406466716840278,3.6691613439350554,0.8587883541011505,1.0481959215252912
SB66896_component_1209a,180.655034,24.017779,3.690000057220459,19.21875,180.6551665067474,24.01779700911417,5.000803177932224,0.6045473083199406,0.7378814814195972
SB66896_component_1211a,182.681515,23.506821,3.6670000553131104,20.25967025756836,182.68145948146503,23.506900938277408,3.9885802975076663,0.753245000350344,0.9193747603889281
SB66896_component_1222a,184.364828,23.574927,3.572000026702881,19.413043975830078,184.36515195342028,23.57485366470044,3.8805471171503,0.7541577065533733,0.9204887658537174
SB66896_component_1228a,181.798497,23.829493,3.015000104904175,16.3858699798584,181.79835344108855,23.82940775319937,3.172817929265395,0.7785488390204551,0.950259413593972
SB66896_component_1231a,180.76991,21.031728,3.869999885559082,14.440298080444336,180.76975810170816,21.03188592505795,3.0070399506088186,1.0544243703506606,1.2869798702792574
SB66896_component_1234a,184.31276,24.969954,3.5380001068115234,19.655555725097656,184.31290691718468,24.9699227019846,2.8621120873586356,1.0127794595859654,1.2361500873561686
SB66896_component_1238a,180.398131,21.107523,3.885999917984009,15.420634269714355,180.39808376244085,21.107691362345456,4.198014120311875,0.7584074192639054,0.9256757615896999
SB66896_component_1242a,185.175122,25.266157,4.052000045776367,19.023473739624023,185.1749097728733,25.26659521192896,3.1735812751071575,1.0460766242575466,1.2767910113282193
SB66896_component_1247a,185.169753,25.338439,3.7799999713897705,16.80000114440918,185.16956470275196,25.338391538772512,3.1856496611656073,0.9721593655923866,1.1865711466861972
SB66896_component_1251a,182.523226,24.715692,3.365999937057495,19.016948699951172,182.52349723501416,24.715601232116427,3.1896373644340965,0.8646024746296362,1.0552923584950193
SB66896_component_1260a,184.31106,23.271406,3.494999885559082,18.891891479492188,184.31093347189338,23.271382593870985,3.8665424231202903,0.7405733287245472,0.9039083250866353
SB66896_component_1261a,184.956292,21.454356,3.490000009536743,17.715736389160156,184.95637255201976,21.454450665241737,2.976966801715086,0.9604950199729038,1.172334205247465
SB66896_component_1269a,185.229629,25.193881,3.378000020980835,14.133892059326172,185.22948265609887,25.19356270434362,3.3758008110376956,0.8198351142654305,1.000651463183476
SB66896_component_1270a,181.288006,23.442964,3.375,17.131980895996094,181.28784348974673,23.443096818727454,3.935184934789569,0.7026714546273027,0.857647113395568
SB66896_component_1273a,183.91031,23.479082,3.5490000247955322,20.280000686645508,183.91043834581103,23.479204604579994,3.226388434742338,0.9012245858770542,1.0999915529634479
SB66896_component_1275a,182.171341,24.286354,3.1600000858306885,18.265897750854492,182.17137210919984,24.286411988614496,4.407587076277605,0.5873944980350904,0.7169455829558886
SB66896_component_1277a,181.647906,23.560517,3.9709999561309814,21.58152198791504,181.64794086784042,23.560375197367375,4.806266816770716,0.6769174136016614,0.8262129647640032
SB66896_component_1282a,183.26373,21.02426,3.618000030517578,15.075000762939453,183.26394686576887,21.02403880638356,2.9684703798592826,0.9985723287928777,1.218809544156235
SB66896_component_1288a,182.776385,20.978461,3.7219998836517334,14.206107139587402,182.7769012047402,20.978706171800628,3.107818377759836,0.9812155124961013,1.1976246457280457
SB66896_component_1293a,184.107434,24.149699,3.8010001182556152,20.435483932495117,184.10727090505574,24.149784262998793,3.4195624599249133,0.9106909551099275,1.1115457497270214
SB66896_component_1294a,184.526772,25.01379,3.3380000591278076,19.07428550720215,184.5267772441631,25.01393716336778,3.3858646579979825,0.8077192375852016,0.9858634045642933
SB66896_component_1295a,184.878793,22.179125,3.7360000610351562,18.587064743041992,184.87880001127158,22.179506980737198,4.042519879447284,0.7571787048828621,0.9241760516823885
SB66896_component_1297a,182.996295,22.236176,3.5,20.467836380004883,182.99647473927254,22.23572453177824,2.688964982803364,1.0664158186860635,1.301616057621954
SB66896_component_1301a,183.037779,23.563695,3.5309998989105225,18.584209442138672,183.03779107170018,23.56350467807272,3.6921971268262395,0.7835315812824968,0.9563411100819853
SB66896_component_1304a,184.242946,22.524951,3.7209999561309814,19.792552947998047,184.24303939202605,22.52462803064224,3.5214824512460465,0.8657207305441638,1.0566572480900303
SB66896_component_1310a,185.641241,24.344919,3.4570000171661377,11.485050201416016,185.64117989410533,24.345289963614167,3.1070289887924467,0.9115862320380844,1.1126384818539166
SB66896_component_1312a,183.511512,23.021081,3.117000102996826,17.5112361907959,183.51159026030368,23.02080872414913,3.3717978967510995,0.7573889454788251,0.9244326612814534
SB66896_component_1314a,179.934548,21.931132,3.816999912261963,11.360118865966797,179.9343647105377,21.93124383910889,4.382329464122832,0.7136098007764777,0.8709979346625811
SB66896_component_1317a,185.661622,24.62658,3.1419999599456787,11.812029838562012,185.6616609817084,24.626548894444642,1.6238960138483256,1.5852276552642288,1.9348529297142214
SB66896_component_1318a,181.100631,22.398364,3.2179999351501465,16.170854568481445,181.1006441397137,22.39834030669352,3.4464684666712198,0.7649893738171314,0.9337093799840449
SB66896_component_1320a,180.200131,24.614058,3.437999963760376,15.843317985534668,180.20002984208065,24.614329847758043,2.9810341767785506,0.9448929169919027,1.153291025826361
SB66896_component_1323a,184.17998,25.559291,3.1589999198913574,12.339842796325684,184.17956898312093,25.559204004584497,2.781291529952976,0.9305651468100096,1.1358032359681358
SB66896_component_1324a,184.013476,21.84813,3.73799991607666,21.118642807006836,184.0134405741683,21.848215311101903,3.46368244169733,0.8841885774195969,1.0791982172144234
SB66896_component_1329a,180.111602,21.119174,3.684000015258789,16.300886154174805,180.11165844581774,21.119256920950704,2.6727997465196354,1.1292676385465161,1.3783299777904723
SB66896_component_1332a,184.678174,24.926434,3.2320001125335693,15.68932056427002,184.6782803189099,24.926175769628678,2.9892255715328475,0.885842187328186,1.0812165342464366
SB66896_component_1338a,183.83911,21.476429,3.5209999084472656,19.892654418945312,183.8390864836381,21.47644760585269,4.382008597199582,0.6583191208593293,0.8035127796639735
SB66896_component_1339a,183.400481,23.78555,3.2170000076293945,17.021163940429688,183.40042983405763,23.785710635808552,4.723026727287052,0.5580515767536278,0.6811310190228942
SB66896_component_1341a,183.058127,21.073541,3.503999948501587,17.60803985595703,183.05807867470958,21.073400651465096,4.652722710360909,0.6170219322219923,0.7531074097106002
SB66896_component_1351a,184.293571,24.80294,3.246999979019165,17.646738052368164,184.29337349389814,24.802969280590073,2.816012278437639,0.9446945775872927,1.1530489422512902
SB66896_component_1358a,183.706462,23.313684,3.6600000858306885,21.279069900512695,183.70683093122568,23.313173123809786,2.8110012494547636,1.0667526681431232,1.3020271999311992
SB66896_component_1367a,181.854421,23.396534,3.446000099182129,18.427806854248047,181.854191369571,23.3963928910386,4.321004276070382,0.6533926884757325,0.7974998123158532
SB66896_component_1371a,185.320352,24.915802,2.997999906539917,14.413460731506348,185.32023580502795,24.915985756033074,4.0295676631582875,0.6095605372027936,0.7440003884163965
SB66896_component_1383a,180.775867,22.274544,3.2929999828338623,17.896738052368164,180.7756543363228,22.274426639918097,2.884030047332819,0.9354824158232204,1.1418050189453688
SB66896_component_1389a,180.391571,25.003188,3.375999927520752,15.139012336730957,180.39170002234766,25.00336404833816,3.3768484429652323,0.8190955001564907,0.9997487256361036
SB66896_component_1398a,181.619439,21.780871,3.009000062942505,17.194286346435547,181.61945535916652,21.781007349946915,3.9195733189438635,0.6289658776737352,0.767685617309306
SB66896_component_1401a,185.976362,25.554088,3.4089999198913574,12.67286205291748,185.97588486922902,25.554313266019662,3.027530898231304,0.9225333769245928,1.1260000424381826
SB66896_component_1411a,182.694866,24.563023,3.263000011444092,17.928571701049805,182.6948544739509,24.562933284103604,2.885631441305541,0.9264455398118827,1.1307750410315112
SB66896_component_1420a,185.560976,24.405592,3.121999979019165,11.649252891540527,185.56126485291387,24.4056821098416,3.0152740213305904,0.8483006322364568,1.0353951106710622
SB66896_component_1424a,185.442946,24.964085,3.121999979019165,15.379310607910156,185.44308945384327,24.963993730422395,2.9044939568806982,0.8806555966836762,1.0748860301889074
SB66896_component_1434a,182.937717,22.128311,3.2260000705718994,18.976470947265625,182.9375710988171,22.128451660297205,3.3012996616789043,0.8006138633180226,0.9771909251434902
SB66896_component_1435a,181.482151,25.3783,2.7239999771118164,13.485147476196289,181.4822393452367,25.378630714456744,3.147891689268995,0.7089751275784392,0.8653410745985307
SB66896_component_1449a,180.753065,25.208737,3.0810000896453857,16.475934982299805,180.75313103643967,25.20848213461726,3.419623771207345,0.7381711445562984,0.9009763341765508
SB66896_component_1450a,184.257688,24.071232,3.0269999504089355,16.101064682006836,184.25783717954212,24.07145768769172,3.5606385131525164,0.696511368943762,0.8501284079323435
SB66896_component_1455a,184.838121,21.723307,3.187000036239624,16.01507568359375,184.83806975054532,21.723458904845675,3.335157560089128,0.782905589172548,0.9555770541030917
SB66896_component_1458a,185.368445,23.762075,3.127000093460083,15.03365421295166,185.36862157956986,23.76181072568278,3.2762058846557145,0.7819885408513226,0.9544577488568576
SB66896_component_1460a,180.20991,21.868282,2.8350000381469727,11.618852615356445,180.2097962915548,21.868048077207636,3.508441093377433,0.6620374554434798,0.808051200716565
SB66896_component_1462a,185.458764,22.197753,3.046999931335449,13.97706413269043,185.45888541882124,22.197884608161107,2.7043095544991758,0.9231233209679167,1.1267200998739724
SB66896_component_1479a,183.079732,21.495736,3.006999969482422,17.28160858154297,183.0799932165146,21.495846760325538,2.7219261500512952,0.9051087566422428,1.1047323857136073
SB66896_component_1489a,181.360284,22.727189,2.99399995803833,16.726255416870117,181.36043500285967,22.726978739547235,2.12296709031423,1.1554527987530254,1.4102903298398162
SB66896_component_1491a,182.475113,21.081234,2.8399999141693115,12.968036651611328,182.47533902057802,21.08152992414862,2.7675780684025915,0.8407408072317936,1.0261679504522598
SB66896_component_1492a,182.990555,21.594152,2.946000099182129,15.924324989318848,182.99049725730234,21.594613488260553,2.5845484227222624,0.9338814838380959,1.1398509980630023
SB66896_component_1493a,184.193791,22.971759,3.114000082015991,18.104650497436523,184.19399936415854,22.97201840797135,2.7019155600904066,0.9442576850937122,1.1525156922046063
SB66896_component_1494a,185.744334,24.922917,2.802999973297119,11.728034019470215,185.74436571182935,24.92283752067579,2.2693536644741115,1.011962900726079,1.235153434732119
SB66896_component_1502a,182.889225,21.395385,3.055000066757202,15.586735725402832,182.88954769274153,21.39547615354943,4.524147125906694,0.5532458757695341,0.6752654106369149
SB66896_component_1507a,186.022893,25.473614,2.865000009536743,10.690298080444336,186.02320247389096,25.47369613059067,2.2597816990569712,1.038727958837659,1.2678215823821988
SB66896_component_1510a,183.352656,21.969973,3.1519999504089355,16.081632614135742,183.35299510587774,21.96984550709964,3.094325008785254,0.8345722795686241,1.0186389411131456
SB66896_component_1514a,183.740768,22.075484,2.6570000648498535,16.20121955871582,183.74075133526338,22.075532644450703,2.762228703885724,0.7880896281549253,0.961904443724069
SB66896_component_1516a,182.728753,25.326237,3.0350000858306885,17.645349502563477,182.7288417158833,25.32639035062299,2.638314755509409,0.9424878975585125,1.150355574327479
SB66896_component_1519a,181.239826,21.942255,2.6579999923706055,15.727810859680176,181.2397475207162,21.942442179784127,4.233121515003888,0.5144437801732703,0.6279054317126458
SB66896_component_1527a,183.313598,23.889513,2.6689999103546143,13.278606414794922,183.31374221815568,23.889374012044712,3.4824660126373796,0.6279214998928235,0.7664108998247761
SB66896_component_1529a,182.2601,24.343788,2.9860000610351562,16.965909957885742,182.2602542240238,24.34370823689463,2.6056410326701633,0.9388990689503669,1.1459752220647275
SB66896_component_1542a,180.229097,24.348831,3.0940001010894775,15.785715103149414,180.22901547174337,24.348643842757625,3.0786297219453447,0.8233918169032232,1.0049926040259303
SB66896_component_1543a,182.659441,22.108367,2.8359999656677246,16.022598266601562,182.65962062659636,22.107863418847966,2.75289990461296,0.8440331056449545,1.0301863721654085
SB66896_component_1547a,179.901368,21.247276,2.872999906539917,11.178988456726074,179.90129588748863,21.24714418530482,3.4875719200627833,0.6749259405119381,0.8237822681197058
SB66896_component_1550a,181.258734,24.822665,2.752000093460083,13.898990631103516,181.25867457504296,24.82264738823357,3.207335773860701,0.7029876522598377,0.8580330490772016
SB66896_component_1551a,182.600701,25.540671,2.9070000648498535,13.975961685180664,182.60104365472844,25.540694016496495,2.8817992277804168,0.8264660187154379,1.0087448274767035
SB66896_component_1557a,183.158218,21.103527,2.7160000801086426,14.219895362854004,183.15867166475687,21.103167701569966,2.195906047139901,1.0133505430843102,1.2368471245143424
SB66896_component_1569a,185.542594,24.571143,2.936000108718872,12.655173301696777,185.5425125349124,24.57147914914531,2.7925193617686466,0.861397397315579,1.051380394676781
SB66896_component_1583a,183.739156,21.721277,2.3949999809265137,14.005847930908203,183.73923549354114,21.72089615216827,3.5345134326519476,0.5551617788198946,0.6776038701116334
SB66896_component_1594a,181.469534,25.497834,2.4130001068115234,10.82062816619873,181.46956286910108,25.498128021776196,2.571340292283169,0.7688497311138774,0.9384211471554974
SB66896_component_1598a,185.611313,22.28135,2.884999990463257,14.353233337402344,185.61170055325687,22.281180312214516,1.899193690165963,1.2445726076724684,1.5190656989867886
SB66896_component_1601a,181.272013,21.103,2.571000099182129,12.070423126220703,181.2722576121378,21.103304851969327,3.0174794842095616,0.6980739764730981,0.8520356518200523
SB66896_component_1605a,183.382207,22.900174,2.2829999923706055,13.12069034576416,183.38213629242708,22.90013660090362,3.3181530923274605,0.5637066670737247,0.6880333513392038
SB66896_component_1615a,182.444452,23.638287,2.7139999866485596,16.75308609008789,182.44443782727,23.638339923814385,2.7995606016699193,0.7942617512169011,0.9694378414347153
SB66896_component_1620a,182.315596,21.584615,2.3380000591278076,14.084338188171387,182.31571654932614,21.584901808950015,2.4871836028738215,0.7701589252697458,0.9400190868202736
SB66896_component_1622a,185.030736,23.853781,2.686000108718872,13.917098999023438,185.03089404508285,23.85439508763964,3.0096012910542216,0.7312076766863944,0.892477058905701
SB66896_component_1629a,184.493322,22.185228,2.38700008392334,13.410112380981445,184.49371637491706,22.184904147895374,2.3203695492552505,0.8428280049573602,1.0287154840010184
SB66896_component_1630a,181.781425,24.425955,2.438999891281128,12.973403930664062,181.78143298736913,24.426203889945512,2.406230893710852,0.8304589374909889,1.0136183928383282
SB66896_component_1671a,183.368402,21.475929,2.61899995803833,13.784210205078125,183.36843072944285,21.47585744735767,2.1020632003769633,1.0207829394397994,1.2459187514289125
SB66896_component_1686a,182.502248,23.851112,2.3369998931884766,13.910714149475098,182.50211553210573,23.851160486855072,1.824677557094978,1.0493400358703837,1.2807741751968242
SB66896_component_1699a,182.255074,24.250608,2.493000030517578,15.294478416442871,182.25477989252326,24.250896924345696,2.222889585993028,0.918857307287697,1.1215132079553487
SB66896_component_1769a,185.630674,25.004343,1.9739999771118164,10.020304679870605,185.63019778084112,25.00444801521649,2.3030160525418792,0.7022534137472994,0.8571368727252586
SB66896_component_1793a,182.99989,24.733271,1.9910000562667847,11.122904777526855,182.99980241898058,24.733333395579482,2.5373151571506245,0.6428957271429256,0.7846877242094966
SB66896_component_1806a,184.020128,25.411054,2.2170000076293945,10.76213550567627,184.0206719252911,25.411012165597068,3.2689440274417123,0.555650732278401,0.6782006632779292
SB66896_component_1832a,182.975368,22.835059,2.2780001163482666,14.061729431152344,182.97538051821095,22.835144844669014,2.9037113415422664,0.6427528069136937,0.784513282624828
SB66896_component_2032a,183.507188,22.201289,1.7359999418258667,10.395209312438965,183.5072478736934,22.201636722514927,2.300262133284932,0.6183239333291489,0.7546965698847287
